000015774.jpg 1 428 208 449 364
000980053.jpg 1 388 170 392 313
001693075.jpg 1 581 149 140 378
001756546.jpg 1 498 81 95 232
002230170.jpg 1 145 89 308 332
002311067.jpg 1 607 235 151 233
003339320.jpg 1 328 261 100 282
003373011.jpg 1 227 30 190 399
003725388.jpg 1 574 11 370 707
003782014.jpg 1 327 24 193 349
005592635.jpg 1 299 116 283 604
005651569.jpg 1 89 104 305 285
005695287.jpg 1 839 221 329 826
006605531.jpg 1 418 74 493 646
006844071.jpg 1 433 193 423 526
007639332.jpg 1 352 318 378 308
007681103.jpg 1 446 2 435 718
007989940.jpg 1 581 146 751 736
008139032.jpg 1 499 164 211 418
008456538.jpg 1 247 67 505 485
008703357.jpg 1 255 1 626 629
009048629.jpg 1 415 1 191 299
009493201.jpg 1 817 289 321 637
009540343.jpg 1 488 94 255 442
009553965.jpg 1 480 57 339 663
010157454.jpg 1 547 1 363 577
010470516.jpg 1 371 46 182 402
011156899.jpg 1 487 1 989 911
011464780.jpg 1 771 244 469 836
011618078.jpg 1 664 269 689 735
011658307.jpg 1 88 24 162 455
011836724.jpg 1 257 17 678 1063
013605623.jpg 1 419 178 275 486
013706270.jpg 1 413 179 279 576
013755211.jpg 1 382 106 193 233
014028231.jpg 1 257 46 452 674
014171521.jpg 1 319 147 731 521
015210428.jpg 1 521 47 416 670
015745133.jpg 1 172 271 181 213
019060983.jpg 1 654 60 344 498
019127737.jpg 1 152 1 517 839
019188755.jpg 1 1297 54 561 586
019289374.jpg 1 293 121 120 249
019629430.jpg 1 144 1 393 718
020079826.jpg 1 484 59 207 332
020165521.jpg 1 728 195 282 340
020625211.jpg 1 448 60 268 660
020802456.jpg 1 951 247 205 403
020934932.jpg 1 89 82 334 398
021143126.jpg 1 384 131 766 415
021491264.jpg 1 471 43 113 236
021673980.jpg 1 286 44 433 406
021932040.jpg 1 776 422 163 298
022516102.jpg 1 356 101 464 619
022540211.jpg 1 356 114 481 545
022714909.jpg 1 528 2 607 718
024241591.jpg 1 527 200 239 306
024396348.jpg 1 634 82 199 547
024968106.jpg 1 633 1 698 908
025320116.jpg 1 423 41 466 679
025402115.jpg 1 363 52 243 649
025794163.jpg 1 132 107 203 370
025937253.jpg 1 1211 79 193 478
025967084.jpg 1 184 76 169 300
025987963.jpg 1 610 352 277 280
026348338.jpg 1 10 241 186 197
026592845.jpg 1 591 65 209 446
026655012.jpg 1 523 251 295 469
027126859.jpg 1 241 124 645 596
027146066.jpg 1 384 48 242 385
028255027.jpg 1 433 250 223 470
028578356.jpg 1 545 166 208 301
029321077.jpg 1 641 132 159 473
029611713.jpg 1 549 171 1077 819
030137787.jpg 1 348 63 202 337
030233325.jpg 1 39 40 274 314
031387937.jpg 1 472 1 946 1078
035075321.jpg 1 680 36 408 684
035543668.jpg 1 937 184 496 801
036084993.jpg 1 912 295 632 767
036628639.jpg 1 409 319 257 319
037183678.jpg 1 719 196 162 455
038057594.jpg 1 932 179 311 422
039617269.jpg 1 338 176 196 421
039628052.jpg 1 1174 410 458 670
039850473.jpg 1 389 322 234 574
040388357.jpg 1 527 190 753 503
040414032.jpg 1 265 188 136 198
040656781.jpg 1 707 477 382 490
041261768.jpg 1 323 277 415 443
041400068.jpg 1 1151 44 460 727
041577510.jpg 1 195 74 293 339
042449283.jpg 1 125 15 330 465
042506817.jpg 1 429 64 935 1016
043913491.jpg 1 314 127 261 269
043930327.jpg 1 537 234 641 728
045813836.jpg 1 349 46 311 674
046322964.jpg 1 706 105 761 662
046393249.jpg 1 191 175 190 160
046413519.jpg 1 847 312 444 689
046472196.jpg 1 1062 160 854 920
047343493.jpg 1 387 104 239 366
047464816.jpg 1 469 140 270 369
047508987.jpg 1 210 144 344 576
047788299.jpg 1 187 16 626 704
048346906.jpg 1 617 44 364 676
049950177.jpg 1 286 346 268 314
050111970.jpg 1 416 164 119 324
050493280.jpg 1 411 159 371 485
050780288.jpg 1 368 326 826 336
051423444.jpg 1 813 189 277 531
051594588.jpg 1 136 43 415 328
052264343.jpg 1 671 60 829 1020
052324708.jpg 1 702 65 259 746
052858420.jpg 1 599 22 602 1058
052879461.jpg 1 632 1 491 699
053100313.jpg 1 73 79 255 387
053211349.jpg 1 459 164 343 553
053362459.jpg 1 159 15 746 705
053553668.jpg 1 277 584 332 322
054556254.jpg 1 209 65 144 333
054814520.jpg 1 606 117 532 804
055340003.jpg 1 692 56 805 1024
055401702.jpg 1 1067 279 597 713
055785385.jpg 1 504 58 557 662
055787632.jpg 1 849 157 353 792
055838448.jpg 1 808 260 258 530
056065685.jpg 1 790 121 236 320
056430106.jpg 1 131 1 234 479
056553891.jpg 1 192 228 240 492
057332371.jpg 1 338 200 406 560
057506057.jpg 1 502 70 481 650
057880675.jpg 1 203 55 716 547
059917564.jpg 1 581 1 881 1079
060047286.jpg 1 470 70 398 507
060585297.jpg 1 51 90 444 990
060601500.jpg 1 574 119 218 529
060671620.jpg 1 158 89 396 390
061912140.jpg 1 1193 19 323 725
063564532.jpg 1 719 259 179 271
063827562.jpg 1 489 1 895 1079
064071022.jpg 1 220 57 181 423
064227816.jpg 1 383 1 643 1079
064950893.jpg 1 264 307 612 638
068637223.jpg 1 553 187 200 290
068959729.jpg 1 726 237 275 483
069340085.jpg 1 205 1 223 464
069931292.jpg 1 739 465 507 495
070691102.jpg 1 695 1 201 719
070859331.jpg 1 278 1 654 719
070908668.jpg 1 446 156 413 231
071213705.jpg 1 463 57 407 663
071660628.jpg 1 188 33 252 447
072058642.jpg 1 458 24 286 340
072697987.jpg 1 12 1 1659 1079
073199394.jpg 1 537 71 396 450
073460830.jpg 1 772 1 171 384
073640202.jpg 1 164 31 459 439
073735708.jpg 1 637 86 421 466
074674988.jpg 1 310 134 189 286
075781203.jpg 1 117 112 490 317
077531575.jpg 1 255 135 129 343
077586507.jpg 1 1286 36 501 614
077960864.jpg 1 1139 241 212 466
079624361.jpg 1 428 136 852 568
080229031.jpg 1 215 1 720 654
081241366.jpg 1 220 105 140 232
081401674.jpg 1 273 156 294 564
081518323.jpg 1 300 147 371 573
081646025.jpg 1 156 130 397 289
082655107.jpg 1 424 48 262 354
082780318.jpg 1 561 197 590 628
083092249.jpg 1 599 215 134 371
083364996.jpg 1 121 190 219 251
083848269.jpg 1 443 45 271 557
083999822.jpg 1 333 127 319 478
084255450.jpg 1 544 22 651 693
084420959.jpg 1 773 356 168 523
084576265.jpg 1 117 65 196 415
084620777.jpg 1 502 191 171 441
084645229.jpg 1 165 114 198 366
084696885.jpg 1 273 74 461 646
084858619.jpg 1 508 227 187 261
085109188.jpg 1 482 132 160 463
086204265.jpg 1 275 66 188 389
086240435.jpg 1 145 79 307 341
086701161.jpg 1 347 42 738 678
086839621.jpg 1 868 72 403 785
088170897.jpg 1 262 68 427 652
088390181.jpg 1 869 102 524 978
088578236.jpg 1 274 1 260 383
088638036.jpg 1 838 159 299 561
089041647.jpg 1 263 2 580 718
089196991.jpg 1 535 217 309 403
089393351.jpg 1 569 132 401 948
089793529.jpg 1 303 1 695 800
090508404.jpg 1 425 175 202 461
090532183.jpg 1 646 404 278 301
090635439.jpg 1 583 310 231 306
091487838.jpg 1 272 8 585 712
093249587.jpg 1 138 129 101 114
093374764.jpg 1 47 48 288 432
093441079.jpg 1 586 1 525 719
093616304.jpg 1 447 30 761 955
094147424.jpg 1 807 3 172 411
094199145.jpg 1 206 132 252 520
094675624.jpg 1 607 170 127 473
095357354.jpg 1 157 106 130 231
096544863.jpg 1 342 227 733 320
096712118.jpg 1 192 1 494 719
096848878.jpg 1 466 1 552 532
097222971.jpg 1 202 57 199 345
097799979.jpg 1 196 39 248 381
097926460.jpg 1 539 45 235 675
098656949.jpg 1 343 37 193 605
099865392.jpg 1 303 121 490 599
099890470.jpg 1 189 104 208 271
