000015774.jpg 1 428 208 449 364
000980053.jpg 1 388 170 392 313
001693075.jpg 1 581 149 140 378
001756546.jpg 1 498 81 95 232
002230170.jpg 1 145 89 308 332
002311067.jpg 1 607 235 151 233
003339320.jpg 1 328 261 100 282
003373011.jpg 1 227 30 190 399
003725388.jpg 1 574 11 370 707
003782014.jpg 1 327 24 193 349
005592635.jpg 1 299 116 283 604
005651569.jpg 1 89 104 305 285
005695287.jpg 1 839 221 329 826
006605531.jpg 1 418 74 493 646
006844071.jpg 1 433 193 423 526
007639332.jpg 1 352 318 378 308
007681103.jpg 1 446 2 435 718
007989940.jpg 1 581 146 751 736
008139032.jpg 1 499 164 211 418
008456538.jpg 1 247 67 505 485
008703357.jpg 1 255 1 626 629
009048629.jpg 1 415 1 191 299
009493201.jpg 1 817 289 321 637
009540343.jpg 1 488 94 255 442
009553965.jpg 1 480 57 339 663
010157454.jpg 1 547 1 363 577
010470516.jpg 1 371 46 182 402
011156899.jpg 1 487 1 989 911
011464780.jpg 1 771 244 469 836
011618078.jpg 1 664 269 689 735
011658307.jpg 1 88 24 162 455
011836724.jpg 1 257 17 678 1063
013605623.jpg 1 419 178 275 486
013706270.jpg 1 413 179 279 576
013755211.jpg 1 382 106 193 233
014028231.jpg 1 257 46 452 674
014171521.jpg 1 319 147 731 521
015210428.jpg 1 521 47 416 670
015745133.jpg 1 172 271 181 213
019060983.jpg 1 654 60 344 498
019127737.jpg 1 152 1 517 839
019188755.jpg 1 1297 54 561 586
019289374.jpg 1 293 121 120 249
019629430.jpg 1 144 1 393 718
020079826.jpg 1 484 59 207 332
020165521.jpg 1 728 195 282 340
020625211.jpg 1 448 60 268 660
020802456.jpg 1 951 247 205 403
020934932.jpg 1 89 82 334 398
021143126.jpg 1 384 131 766 415
021491264.jpg 1 471 43 113 236
021673980.jpg 1 286 44 433 406
021932040.jpg 1 776 422 163 298
022516102.jpg 1 356 101 464 619
022540211.jpg 1 356 114 481 545
022714909.jpg 1 528 2 607 718
024241591.jpg 1 527 200 239 306
024396348.jpg 1 634 82 199 547
024968106.jpg 1 633 1 698 908
025320116.jpg 1 423 41 466 679
025402115.jpg 1 363 52 243 649
025794163.jpg 1 132 107 203 370
025937253.jpg 1 1211 79 193 478
025967084.jpg 1 184 76 169 300
025987963.jpg 1 610 352 277 280
026348338.jpg 1 10 241 186 197
026592845.jpg 1 591 65 209 446
026655012.jpg 1 523 251 295 469
027126859.jpg 1 241 124 645 596
027146066.jpg 1 384 48 242 385
028255027.jpg 1 433 250 223 470
028578356.jpg 1 545 166 208 301
029321077.jpg 1 641 132 159 473
029611713.jpg 1 549 171 1077 819
030137787.jpg 1 348 63 202 337
030233325.jpg 1 39 40 274 314
031387937.jpg 1 472 1 946 1078
035075321.jpg 1 680 36 408 684
035543668.jpg 1 937 184 496 801
036084993.jpg 1 912 295 632 767
036628639.jpg 1 409 319 257 319
037183678.jpg 1 719 196 162 455
038057594.jpg 1 932 179 311 422
039617269.jpg 1 338 176 196 421
039628052.jpg 1 1174 410 458 670
039850473.jpg 1 389 322 234 574
040388357.jpg 1 527 190 753 503
040414032.jpg 1 265 188 136 198
040656781.jpg 1 707 477 382 490
041261768.jpg 1 323 277 415 443
041400068.jpg 1 1151 44 460 727
041577510.jpg 1 195 74 293 339
042449283.jpg 1 125 15 330 465
042506817.jpg 1 429 64 935 1016
043913491.jpg 1 314 127 261 269
043930327.jpg 1 537 234 641 728
045813836.jpg 1 349 46 311 674
046322964.jpg 1 706 105 761 662
046393249.jpg 1 191 175 190 160
046413519.jpg 1 847 312 444 689
046472196.jpg 1 1062 160 854 920
047343493.jpg 1 387 104 239 366
047464816.jpg 1 469 140 270 369
047508987.jpg 1 210 144 344 576
047788299.jpg 1 187 16 626 704
048346906.jpg 1 617 44 364 676
049950177.jpg 1 286 346 268 314
050111970.jpg 1 416 164 119 324
050493280.jpg 1 411 159 371 485
050780288.jpg 1 368 326 826 336
051423444.jpg 1 813 189 277 531
051594588.jpg 1 136 43 415 328
052264343.jpg 1 671 60 829 1020
052324708.jpg 1 702 65 259 746
052858420.jpg 1 599 22 602 1058
052879461.jpg 1 632 1 491 699
053100313.jpg 1 73 79 255 387
053211349.jpg 1 459 164 343 553
053362459.jpg 1 159 15 746 705
053553668.jpg 1 277 584 332 322
054556254.jpg 1 209 65 144 333
054814520.jpg 1 606 117 532 804
055340003.jpg 1 692 56 805 1024
055401702.jpg 1 1067 279 597 713
055785385.jpg 1 504 58 557 662
055787632.jpg 1 849 157 353 792
055838448.jpg 1 808 260 258 530
056065685.jpg 1 790 121 236 320
056430106.jpg 1 131 1 234 479
056553891.jpg 1 192 228 240 492
057332371.jpg 1 338 200 406 560
057506057.jpg 1 502 70 481 650
057880675.jpg 1 203 55 716 547
059917564.jpg 1 581 1 881 1079
060047286.jpg 1 470 70 398 507
060585297.jpg 1 51 90 444 990
060601500.jpg 1 574 119 218 529
060671620.jpg 1 158 89 396 390
061912140.jpg 1 1193 19 323 725
063564532.jpg 1 719 259 179 271
063827562.jpg 1 489 1 895 1079
064071022.jpg 1 220 57 181 423
064227816.jpg 1 383 1 643 1079
064950893.jpg 1 264 307 612 638
068637223.jpg 1 553 187 200 290
068959729.jpg 1 726 237 275 483
069340085.jpg 1 205 1 223 464
069931292.jpg 1 739 465 507 495
070691102.jpg 1 695 1 201 719
070859331.jpg 1 278 1 654 719
070908668.jpg 1 446 156 413 231
071213705.jpg 1 463 57 407 663
071660628.jpg 1 188 33 252 447
072058642.jpg 1 458 24 286 340
072697987.jpg 1 12 1 1659 1079
073199394.jpg 1 537 71 396 450
073460830.jpg 1 772 1 171 384
073640202.jpg 1 164 31 459 439
073735708.jpg 1 637 86 421 466
074674988.jpg 1 310 134 189 286
075781203.jpg 1 117 112 490 317
077531575.jpg 1 255 135 129 343
077586507.jpg 1 1286 36 501 614
077960864.jpg 1 1139 241 212 466
079624361.jpg 1 428 136 852 568
080229031.jpg 1 215 1 720 654
081241366.jpg 1 220 105 140 232
081401674.jpg 1 273 156 294 564
081518323.jpg 1 300 147 371 573
081646025.jpg 1 156 130 397 289
082655107.jpg 1 424 48 262 354
082780318.jpg 1 561 197 590 628
083092249.jpg 1 599 215 134 371
083364996.jpg 1 121 190 219 251
083848269.jpg 1 443 45 271 557
083999822.jpg 1 333 127 319 478
084255450.jpg 1 544 22 651 693
084420959.jpg 1 773 356 168 523
084576265.jpg 1 117 65 196 415
084620777.jpg 1 502 191 171 441
084645229.jpg 1 165 114 198 366
084696885.jpg 1 273 74 461 646
084858619.jpg 1 508 227 187 261
085109188.jpg 1 482 132 160 463
086204265.jpg 1 275 66 188 389
086240435.jpg 1 145 79 307 341
086701161.jpg 1 347 42 738 678
086839621.jpg 1 868 72 403 785
088170897.jpg 1 262 68 427 652
088390181.jpg 1 869 102 524 978
088578236.jpg 1 274 1 260 383
088638036.jpg 1 838 159 299 561
089041647.jpg 1 263 2 580 718
089196991.jpg 1 535 217 309 403
089393351.jpg 1 569 132 401 948
089793529.jpg 1 303 1 695 800
090508404.jpg 1 425 175 202 461
090532183.jpg 1 646 404 278 301
090635439.jpg 1 583 310 231 306
091487838.jpg 1 272 8 585 712
093249587.jpg 1 138 129 101 114
093374764.jpg 1 47 48 288 432
093441079.jpg 1 586 1 525 719
093616304.jpg 1 447 30 761 955
094147424.jpg 1 807 3 172 411
094199145.jpg 1 206 132 252 520
094675624.jpg 1 607 170 127 473
095357354.jpg 1 157 106 130 231
096544863.jpg 1 342 227 733 320
096712118.jpg 1 192 1 494 719
096848878.jpg 1 466 1 552 532
097222971.jpg 1 202 57 199 345
097799979.jpg 1 196 39 248 381
097926460.jpg 1 539 45 235 675
098656949.jpg 1 343 37 193 605
099865392.jpg 1 303 121 490 599
099890470.jpg 1 189 104 208 271
000015774_hFlip.jpg 1 403 208 449 364
000980053_hFlip.jpg 1 500 170 392 313
001693075_hFlip.jpg 1 559 149 140 378
001756546_hFlip.jpg 1 47 81 95 232
002230170_hFlip.jpg 1 187 89 308 332
002311067_hFlip.jpg 1 522 235 151 233
003339320_hFlip.jpg 1 532 261 100 282
003373011_hFlip.jpg 1 302 30 191 399
003725388_hFlip.jpg 1 335 11 371 707
003782014_hFlip.jpg 1 120 24 193 349
005592635_hFlip.jpg 1 698 116 283 604
005651569_hFlip.jpg 1 246 104 305 285
005695287_hFlip.jpg 1 752 221 329 826
006605531_hFlip.jpg 1 369 74 493 646
006844071_hFlip.jpg 1 424 193 423 526
007639332_hFlip.jpg 1 230 318 378 308
007681103_hFlip.jpg 1 399 2 435 718
007989940_hFlip.jpg 1 588 146 751 736
008139032_hFlip.jpg 1 570 164 211 418
008456538_hFlip.jpg 1 528 67 505 485
008703357_hFlip.jpg 1 399 1 626 629
009048629_hFlip.jpg 1 674 1 191 299
009493201_hFlip.jpg 1 782 289 321 637
009540343_hFlip.jpg 1 537 94 255 442
009553965_hFlip.jpg 1 461 57 339 663
010157454_hFlip.jpg 1 370 1 363 577
010470516_hFlip.jpg 1 727 46 182 402
011156899_hFlip.jpg 1 443 1 990 911
011464780_hFlip.jpg 1 679 244 470 836
011618078_hFlip.jpg 1 567 269 689 735
011658307_hFlip.jpg 1 470 24 162 455
011836724_hFlip.jpg 1 985 17 678 1063
013605623_hFlip.jpg 1 586 178 275 486
013706270_hFlip.jpg 1 1228 179 279 576
013755211_hFlip.jpg 1 705 106 193 233
014028231_hFlip.jpg 1 571 46 452 674
014171521_hFlip.jpg 1 230 147 731 521
015210428_hFlip.jpg 1 343 47 416 670
015745133_hFlip.jpg 1 927 271 181 213
019060983_hFlip.jpg 1 282 60 344 498
019127737_hFlip.jpg 1 1251 1 517 839
019188755_hFlip.jpg 1 62 54 561 586
019289374_hFlip.jpg 1 241 121 120 249
019629430_hFlip.jpg 1 743 1 393 718
020079826_hFlip.jpg 1 589 59 207 332
020165521_hFlip.jpg 1 270 195 282 340
020625211_hFlip.jpg 1 564 60 268 660
020802456_hFlip.jpg 1 764 247 205 403
020934932_hFlip.jpg 1 233 82 334 398
021143126_hFlip.jpg 1 122 131 766 415
021491264_hFlip.jpg 1 56 43 113 236
021673980_hFlip.jpg 1 134 44 434 406
021932040_hFlip.jpg 1 340 422 164 298
022516102_hFlip.jpg 1 460 101 464 619
022540211_hFlip.jpg 1 443 114 481 545
022714909_hFlip.jpg 1 145 2 607 718
024241591_hFlip.jpg 1 514 200 239 306
024396348_hFlip.jpg 1 447 82 199 547
024968106_hFlip.jpg 1 589 1 698 908
025320116_hFlip.jpg 1 391 41 466 679
025402115_hFlip.jpg 1 674 51 243 650
025794163_hFlip.jpg 1 311 107 203 370
025937253_hFlip.jpg 1 516 79 193 478
025967084_hFlip.jpg 1 287 76 169 300
025987963_hFlip.jpg 1 393 352 277 280
026348338_hFlip.jpg 1 450 241 186 197
026592845_hFlip.jpg 1 472 65 209 446
026655012_hFlip.jpg 1 462 251 295 469
027126859_hFlip.jpg 1 394 124 645 596
027146066_hFlip.jpg 1 228 48 242 385
028255027_hFlip.jpg 1 624 250 223 470
028578356_hFlip.jpg 1 527 166 208 301
029321077_hFlip.jpg 1 480 132 159 473
029611713_hFlip.jpg 1 293 171 1078 819
030137787_hFlip.jpg 1 303 63 203 337
030233325_hFlip.jpg 1 327 40 274 314
031387937_hFlip.jpg 1 502 1 946 1078
035075321_hFlip.jpg 1 192 36 408 684
035543668_hFlip.jpg 1 487 184 496 801
036084993_hFlip.jpg 1 376 295 632 767
036628639_hFlip.jpg 1 614 319 257 319
037183678_hFlip.jpg 1 399 196 162 455
038057594_hFlip.jpg 1 37 179 311 422
039617269_hFlip.jpg 1 746 176 196 421
039628052_hFlip.jpg 1 288 410 458 670
039850473_hFlip.jpg 1 1297 322 234 574
040388357_hFlip.jpg 1 0 190 753 503
040414032_hFlip.jpg 1 239 188 136 198
040656781_hFlip.jpg 1 831 477 382 490
041261768_hFlip.jpg 1 542 277 415 443
041400068_hFlip.jpg 1 308 44 461 727
041577510_hFlip.jpg 1 152 74 293 339
042449283_hFlip.jpg 1 185 15 330 465
042506817_hFlip.jpg 1 556 64 935 1016
043913491_hFlip.jpg 1 279 127 261 269
043930327_hFlip.jpg 1 742 234 641 728
045813836_hFlip.jpg 1 620 46 311 674
046322964_hFlip.jpg 1 453 105 761 662
046393249_hFlip.jpg 1 259 175 190 160
046413519_hFlip.jpg 1 629 311 444 690
046472196_hFlip.jpg 1 3 160 855 920
047343493_hFlip.jpg 1 654 104 239 366
047464816_hFlip.jpg 1 541 140 270 369
047508987_hFlip.jpg 1 726 144 344 576
047788299_hFlip.jpg 1 467 16 626 704
048346906_hFlip.jpg 1 299 44 364 676
049950177_hFlip.jpg 1 726 346 268 314
050111970_hFlip.jpg 1 745 164 119 324
050493280_hFlip.jpg 1 498 159 371 485
050780288_hFlip.jpg 1 85 326 827 336
051423444_hFlip.jpg 1 190 189 277 531
051594588_hFlip.jpg 1 88 43 416 328
052264343_hFlip.jpg 1 420 60 829 1020
052324708_hFlip.jpg 1 959 65 259 746
052858420_hFlip.jpg 1 719 22 602 1058
052879461_hFlip.jpg 1 157 1 491 699
053100313_hFlip.jpg 1 312 79 255 387
053211349_hFlip.jpg 1 478 164 343 553
053362459_hFlip.jpg 1 375 15 746 705
053553668_hFlip.jpg 1 1311 584 332 322
054556254_hFlip.jpg 1 287 65 144 333
054814520_hFlip.jpg 1 782 117 532 804
055340003_hFlip.jpg 1 423 56 805 1024
055401702_hFlip.jpg 1 255 279 597 713
055785385_hFlip.jpg 1 219 58 557 662
055787632_hFlip.jpg 1 704 157 353 792
055838448_hFlip.jpg 1 854 260 258 530
056065685_hFlip.jpg 1 254 121 236 320
056430106_hFlip.jpg 1 291 1 234 479
056553891_hFlip.jpg 1 848 228 240 492
057332371_hFlip.jpg 1 1176 200 406 560
057506057_hFlip.jpg 1 297 70 481 650
057880675_hFlip.jpg 1 361 55 716 547
059917564_hFlip.jpg 1 458 1 881 1079
060047286_hFlip.jpg 1 412 70 398 507
060585297_hFlip.jpg 1 1425 90 444 990
060601500_hFlip.jpg 1 488 119 218 529
060671620_hFlip.jpg 1 299 89 397 390
061912140_hFlip.jpg 1 404 19 323 725
063564532_hFlip.jpg 1 382 259 179 271
063827562_hFlip.jpg 1 536 1 895 1079
064071022_hFlip.jpg 1 253 57 181 423
064227816_hFlip.jpg 1 893 1 644 1079
064950893_hFlip.jpg 1 564 307 612 638
068637223_hFlip.jpg 1 527 187 200 290
068959729_hFlip.jpg 1 279 237 275 483
069340085_hFlip.jpg 1 426 1 223 464
069931292_hFlip.jpg 1 674 465 507 495
070691102_hFlip.jpg 1 384 1 201 719
070859331_hFlip.jpg 1 348 1 654 719
070908668_hFlip.jpg 1 421 156 413 231
071213705_hFlip.jpg 1 410 57 407 663
071660628_hFlip.jpg 1 200 33 252 447
072058642_hFlip.jpg 1 110 24 286 340
072697987_hFlip.jpg 1 248 1 1660 1079
073199394_hFlip.jpg 1 347 71 396 450
073460830_hFlip.jpg 1 337 1 171 384
073640202_hFlip.jpg 1 231 31 459 439
073735708_hFlip.jpg 1 222 86 421 466
074674988_hFlip.jpg 1 141 134 189 286
075781203_hFlip.jpg 1 247 112 490 317
077531575_hFlip.jpg 1 256 135 129 343
077586507_hFlip.jpg 1 132 36 502 614
077960864_hFlip.jpg 1 569 241 212 466
079624361_hFlip.jpg 1 0 136 852 568
080229031_hFlip.jpg 1 345 1 720 654
081241366_hFlip.jpg 1 296 105 140 232
081401674_hFlip.jpg 1 713 156 294 564
081518323_hFlip.jpg 1 609 147 371 573
081646025_hFlip.jpg 1 87 130 397 289
082655107_hFlip.jpg 1 168 48 262 354
082780318_hFlip.jpg 1 769 197 590 628
083092249_hFlip.jpg 1 547 215 134 371
083364996_hFlip.jpg 1 300 190 219 251
083848269_hFlip.jpg 1 566 45 271 557
083999822_hFlip.jpg 1 628 127 319 478
084255450_hFlip.jpg 1 85 22 651 693
084420959_hFlip.jpg 1 979 356 168 523
084576265_hFlip.jpg 1 327 65 196 415
084620777_hFlip.jpg 1 607 191 171 441
084645229_hFlip.jpg 1 357 114 198 366
084696885_hFlip.jpg 1 546 74 461 646
084858619_hFlip.jpg 1 585 227 187 261
085109188_hFlip.jpg 1 638 132 160 463
086204265_hFlip.jpg 1 177 66 188 389
086240435_hFlip.jpg 1 188 79 307 341
086701161_hFlip.jpg 1 195 42 738 678
086839621_hFlip.jpg 1 649 72 403 785
088170897_hFlip.jpg 1 591 68 427 652
088390181_hFlip.jpg 1 527 102 524 978
088578236_hFlip.jpg 1 746 1 260 383
088638036_hFlip.jpg 1 142 159 300 561
089041647_hFlip.jpg 1 437 2 580 718
089196991_hFlip.jpg 1 436 217 309 403
089393351_hFlip.jpg 1 950 132 401 948
089793529_hFlip.jpg 1 922 1 695 800
090508404_hFlip.jpg 1 653 175 202 461
090532183_hFlip.jpg 1 996 404 278 301
090635439_hFlip.jpg 1 626 310 231 306
091487838_hFlip.jpg 1 423 8 585 712
093249587_hFlip.jpg 1 615 129 101 114
093374764_hFlip.jpg 1 305 48 288 432
093441079_hFlip.jpg 1 169 1 525 719
093616304_hFlip.jpg 1 712 30 761 955
094147424_hFlip.jpg 1 300 3 173 411
094199145_hFlip.jpg 1 822 132 252 520
094675624_hFlip.jpg 1 538 170 127 473
095357354_hFlip.jpg 1 353 106 130 231
096544863_hFlip.jpg 1 197 227 733 320
096712118_hFlip.jpg 1 594 1 494 719
096848878_hFlip.jpg 1 262 1 552 532
097222971_hFlip.jpg 1 239 57 199 345
097799979_hFlip.jpg 1 196 39 248 381
097926460_hFlip.jpg 1 506 45 235 675
098656949_hFlip.jpg 1 744 37 193 605
099865392_hFlip.jpg 1 487 121 490 599
099890470_hFlip.jpg 1 243 104 208 271
000015774_vFlip.jpg 1 428 148 449 364
000980053_vFlip.jpg 1 388 237 392 313
001693075_vFlip.jpg 1 581 193 140 378
001756546_vFlip.jpg 1 498 167 95 232
002230170_vFlip.jpg 1 145 59 308 332
002311067_vFlip.jpg 1 607 252 151 233
003339320_vFlip.jpg 1 328 177 100 282
003373011_vFlip.jpg 1 227 50 190 400
003725388_vFlip.jpg 1 574 1 370 708
003782014_vFlip.jpg 1 327 107 193 349
005592635_vFlip.jpg 1 299 0 283 604
005651569_vFlip.jpg 1 89 91 305 285
005695287_vFlip.jpg 1 839 33 329 826
006605531_vFlip.jpg 1 418 0 493 646
006844071_vFlip.jpg 1 433 0 423 527
007639332_vFlip.jpg 1 352 94 378 308
007681103_vFlip.jpg 1 446 0 435 718
007989940_vFlip.jpg 1 581 198 751 736
008139032_vFlip.jpg 1 499 138 211 418
008456538_vFlip.jpg 1 247 167 505 486
008703357_vFlip.jpg 1 255 90 626 629
009048629_vFlip.jpg 1 415 420 191 299
009493201_vFlip.jpg 1 817 154 321 637
009540343_vFlip.jpg 1 488 184 255 442
009553965_vFlip.jpg 1 480 0 339 663
010157454_vFlip.jpg 1 547 141 363 578
010470516_vFlip.jpg 1 371 272 182 402
011156899_vFlip.jpg 1 487 168 989 911
011464780_vFlip.jpg 1 771 0 469 836
011618078_vFlip.jpg 1 664 76 689 735
011658307_vFlip.jpg 1 88 0 162 456
011836724_vFlip.jpg 1 257 0 678 1063
013605623_vFlip.jpg 1 419 55 275 487
013706270_vFlip.jpg 1 413 325 279 576
013755211_vFlip.jpg 1 382 381 193 233
014028231_vFlip.jpg 1 257 0 452 674
014171521_vFlip.jpg 1 319 51 731 522
015210428_vFlip.jpg 1 521 2 416 671
015745133_vFlip.jpg 1 172 236 181 213
019060983_vFlip.jpg 1 654 161 344 499
019127737_vFlip.jpg 1 152 240 517 839
019188755_vFlip.jpg 1 1297 440 561 586
019289374_vFlip.jpg 1 293 110 120 249
019629430_vFlip.jpg 1 144 0 393 719
020079826_vFlip.jpg 1 484 329 207 332
020165521_vFlip.jpg 1 728 185 282 340
020625211_vFlip.jpg 1 448 0 268 660
020802456_vFlip.jpg 1 951 430 205 403
020934932_vFlip.jpg 1 89 0 334 398
021143126_vFlip.jpg 1 384 174 766 415
021491264_vFlip.jpg 1 471 201 113 236
021673980_vFlip.jpg 1 286 24 433 406
021932040_vFlip.jpg 1 776 0 163 298
022516102_vFlip.jpg 1 356 0 464 619
022540211_vFlip.jpg 1 356 61 481 545
022714909_vFlip.jpg 1 528 0 607 718
024241591_vFlip.jpg 1 527 214 239 306
024396348_vFlip.jpg 1 634 91 199 547
024968106_vFlip.jpg 1 633 171 698 908
025320116_vFlip.jpg 1 423 0 466 679
025402115_vFlip.jpg 1 363 19 243 649
025794163_vFlip.jpg 1 132 2 203 371
025937253_vFlip.jpg 1 1211 523 193 478
025967084_vFlip.jpg 1 184 104 169 300
025987963_vFlip.jpg 1 610 88 277 280
026348338_vFlip.jpg 1 10 42 186 197
026592845_vFlip.jpg 1 591 209 209 446
026655012_vFlip.jpg 1 523 0 295 469
027126859_vFlip.jpg 1 241 0 645 596
027146066_vFlip.jpg 1 384 46 242 386
028255027_vFlip.jpg 1 433 0 223 470
028578356_vFlip.jpg 1 545 253 208 301
029321077_vFlip.jpg 1 641 115 159 473
029611713_vFlip.jpg 1 549 90 1077 819
030137787_vFlip.jpg 1 348 79 202 338
030233325_vFlip.jpg 1 39 125 274 315
031387937_vFlip.jpg 1 472 0 946 1079
035075321_vFlip.jpg 1 680 0 408 684
035543668_vFlip.jpg 1 937 94 496 802
036084993_vFlip.jpg 1 912 18 632 767
036628639_vFlip.jpg 1 409 82 257 319
037183678_vFlip.jpg 1 719 69 162 455
038057594_vFlip.jpg 1 932 118 311 423
039617269_vFlip.jpg 1 338 122 196 422
039628052_vFlip.jpg 1 1174 0 458 670
039850473_vFlip.jpg 1 389 184 234 574
040388357_vFlip.jpg 1 527 26 753 504
040414032_vFlip.jpg 1 265 94 136 198
040656781_vFlip.jpg 1 707 113 382 490
041261768_vFlip.jpg 1 323 0 415 443
041400068_vFlip.jpg 1 1151 309 460 727
041577510_vFlip.jpg 1 195 66 293 340
042449283_vFlip.jpg 1 125 0 330 465
042506817_vFlip.jpg 1 429 0 935 1016
043913491_vFlip.jpg 1 314 84 261 269
043930327_vFlip.jpg 1 537 118 641 728
045813836_vFlip.jpg 1 349 0 311 674
046322964_vFlip.jpg 1 706 313 761 662
046393249_vFlip.jpg 1 191 145 190 160
046413519_vFlip.jpg 1 847 79 444 689
046472196_vFlip.jpg 1 1062 0 854 920
047343493_vFlip.jpg 1 387 244 239 366
047464816_vFlip.jpg 1 469 211 270 369
047508987_vFlip.jpg 1 210 0 344 576
047788299_vFlip.jpg 1 187 0 626 704
048346906_vFlip.jpg 1 617 0 364 676
049950177_vFlip.jpg 1 286 60 268 314
050111970_vFlip.jpg 1 416 232 119 324
050493280_vFlip.jpg 1 411 75 371 486
050780288_vFlip.jpg 1 368 58 826 336
051423444_vFlip.jpg 1 813 0 277 531
051594588_vFlip.jpg 1 136 109 415 328
052264343_vFlip.jpg 1 671 0 829 1020
052324708_vFlip.jpg 1 702 269 259 746
052858420_vFlip.jpg 1 599 0 602 1058
052879461_vFlip.jpg 1 632 20 491 699
053100313_vFlip.jpg 1 73 14 255 387
053211349_vFlip.jpg 1 459 2 343 554
053362459_vFlip.jpg 1 159 0 746 705
053553668_vFlip.jpg 1 277 173 332 323
054556254_vFlip.jpg 1 209 81 144 334
054814520_vFlip.jpg 1 606 159 532 804
055340003_vFlip.jpg 1 692 0 805 1024
055401702_vFlip.jpg 1 1067 88 597 713
055785385_vFlip.jpg 1 504 0 557 662
055787632_vFlip.jpg 1 849 131 353 792
055838448_vFlip.jpg 1 808 289 258 531
056065685_vFlip.jpg 1 790 278 236 321
056430106_vFlip.jpg 1 131 0 234 479
056553891_vFlip.jpg 1 192 0 240 492
057332371_vFlip.jpg 1 338 320 406 560
057506057_vFlip.jpg 1 502 0 481 650
057880675_vFlip.jpg 1 203 118 716 547
059917564_vFlip.jpg 1 581 0 881 1079
060047286_vFlip.jpg 1 470 142 398 508
060585297_vFlip.jpg 1 51 0 444 990
060601500_vFlip.jpg 1 574 71 218 530
060671620_vFlip.jpg 1 158 0 396 391
061912140_vFlip.jpg 1 1193 336 323 725
063564532_vFlip.jpg 1 719 190 179 271
063827562_vFlip.jpg 1 489 0 895 1079
064071022_vFlip.jpg 1 220 0 181 423
064227816_vFlip.jpg 1 383 0 643 1079
064950893_vFlip.jpg 1 264 135 611 638
068637223_vFlip.jpg 1 553 57 200 289
068959729_vFlip.jpg 1 726 0 275 483
069340085_vFlip.jpg 1 205 15 223 464
069931292_vFlip.jpg 1 739 120 507 495
070691102_vFlip.jpg 1 695 0 201 719
070859331_vFlip.jpg 1 278 0 654 719
070908668_vFlip.jpg 1 446 333 413 231
071213705_vFlip.jpg 1 463 0 407 663
071660628_vFlip.jpg 1 188 0 252 447
072058642_vFlip.jpg 1 458 116 286 340
072697987_vFlip.jpg 1 12 0 1659 1079
073199394_vFlip.jpg 1 537 199 396 450
073460830_vFlip.jpg 1 772 335 171 384
073640202_vFlip.jpg 1 164 0 459 439
073735708_vFlip.jpg 1 637 167 421 467
074674988_vFlip.jpg 1 310 60 189 286
075781203_vFlip.jpg 1 117 50 490 318
077531575_vFlip.jpg 1 255 1 129 344
077586507_vFlip.jpg 1 1286 430 501 614
077960864_vFlip.jpg 1 1139 373 212 466
079624361_vFlip.jpg 1 428 16 852 568
080229031_vFlip.jpg 1 215 65 720 654
081241366_vFlip.jpg 1 220 143 140 232
081401674_vFlip.jpg 1 273 0 294 564
081518323_vFlip.jpg 1 300 0 371 573
081646025_vFlip.jpg 1 156 61 397 289
082655107_vFlip.jpg 1 424 74 262 354
082780318_vFlip.jpg 1 561 255 590 628
083092249_vFlip.jpg 1 599 134 134 371
083364996_vFlip.jpg 1 121 39 219 251
083848269_vFlip.jpg 1 443 118 271 557
083999822_vFlip.jpg 1 333 115 319 478
084255450_vFlip.jpg 1 544 4 651 694
084420959_vFlip.jpg 1 773 201 168 523
084576265_vFlip.jpg 1 117 0 196 415
084620777_vFlip.jpg 1 502 88 171 441
084645229_vFlip.jpg 1 165 0 198 366
084696885_vFlip.jpg 1 273 0 461 646
084858619_vFlip.jpg 1 508 232 187 261
085109188_vFlip.jpg 1 482 125 160 463
086204265_vFlip.jpg 1 275 25 188 389
086240435_vFlip.jpg 1 145 60 307 341
086701161_vFlip.jpg 1 347 0 738 678
086839621_vFlip.jpg 1 868 223 403 785
088170897_vFlip.jpg 1 262 0 427 652
088390181_vFlip.jpg 1 869 0 524 978
088578236_vFlip.jpg 1 274 336 260 383
088638036_vFlip.jpg 1 838 0 299 561
089041647_vFlip.jpg 1 263 0 580 718
089196991_vFlip.jpg 1 535 99 309 404
089393351_vFlip.jpg 1 569 0 401 948
089793529_vFlip.jpg 1 303 278 695 801
090508404_vFlip.jpg 1 425 84 202 461
090532183_vFlip.jpg 1 646 375 278 301
090635439_vFlip.jpg 1 583 464 231 306
091487838_vFlip.jpg 1 272 0 585 712
093249587_vFlip.jpg 1 138 237 101 114
093374764_vFlip.jpg 1 47 0 288 432
093441079_vFlip.jpg 1 586 0 525 719
093616304_vFlip.jpg 1 447 94 761 956
094147424_vFlip.jpg 1 807 306 172 411
094199145_vFlip.jpg 1 206 68 252 520
094675624_vFlip.jpg 1 607 76 127 474
095357354_vFlip.jpg 1 157 143 130 231
096544863_vFlip.jpg 1 342 173 733 320
096712118_vFlip.jpg 1 192 0 494 719
096848878_vFlip.jpg 1 466 187 552 532
097222971_vFlip.jpg 1 202 77 199 346
097799979_vFlip.jpg 1 196 60 248 381
097926460_vFlip.jpg 1 539 0 235 675
098656949_vFlip.jpg 1 343 77 193 606
099865392_vFlip.jpg 1 303 0 490 599
099890470_vFlip.jpg 1 189 105 208 271
000015774_r90.jpg 1 386 130 552 505
000980053_r90.jpg 1 375 47 498 499
001693075_r90.jpg 1 468 282 389 173
001756546_r90.jpg 1 303 362 250 118
002230170_r90.jpg 1 75 18 438 446
002311067_r90.jpg 1 587 217 187 254
003339320_r90.jpg 1 358 395 294 143
003373011_r90.jpg 1 134 32 376 438
003725388_r90.jpg 1 456 9 588 711
003782014_r90.jpg 1 312 26 230 368
005592635_r90.jpg 1 327 363 651 357
005651569_r90.jpg 1 74 96 336 318
005695287_r90.jpg 1 701 160 683 883
006605531_r90.jpg 1 219 9 812 711
006844071_r90.jpg 1 230 94 675 626
007639332_r90.jpg 1 187 229 465 485
007681103_r90.jpg 1 340 0 643 720
007989940_r90.jpg 1 485 25 992 999
008139032_r90.jpg 1 410 120 384 468
008456538_r90.jpg 1 289 0 662 547
008703357_r90.jpg 1 224 0 699 657
009048629_r90.jpg 1 605 10 350 294
009493201_r90.jpg 1 742 265 442 688
009540343_r90.jpg 1 407 78 507 470
009553965_r90.jpg 1 255 142 717 465
010157454_r90.jpg 1 403 119 677 579
010470516_r90.jpg 1 368 39 192 406
011156899_r90.jpg 1 362 0 1319 1080
011464780_r90.jpg 1 625 133 895 943
011618078_r90.jpg 1 652 252 719 763
011658307_r90.jpg 1 49 0 240 455
011836724_r90.jpg 1 160 0 1255 761
013605623_r90.jpg 1 407 174 307 504
013706270_r90.jpg 1 560 0 638 368
013755211_r90.jpg 1 581 36 281 255
014028231_r90.jpg 1 150 97 802 623
014171521_r90.jpg 1 202 0 850 720
015210428_r90.jpg 1 393 25 640 695
015745133_r90.jpg 1 496 0 220 78
019060983_r90.jpg 1 608 70 448 563
019127737_r90.jpg 1 83 47 631 904
019188755_r90.jpg 1 877 852 613 228
019289374_r90.jpg 1 207 105 275 230
019629430_r90.jpg 1 245 436 745 284
020079826_r90.jpg 1 564 122 378 295
020165521_r90.jpg 1 493 0 384 304
020625211_r90.jpg 1 398 51 379 669
020802456_r90.jpg 1 669 297 432 270
020934932_r90.jpg 1 79 72 350 408
021143126_r90.jpg 1 345 76 845 590
021491264_r90.jpg 1 468 50 125 241
021673980_r90.jpg 1 199 0 522 438
021932040_r90.jpg 1 722 74 321 209
022516102_r90.jpg 1 277 51 669 669
022540211_r90.jpg 1 285 67 712 653
022714909_r90.jpg 1 384 0 856 720
024241591_r90.jpg 1 510 187 270 330
024396348_r90.jpg 1 384 259 583 373
024968106_r90.jpg 1 405 142 942 743
025320116_r90.jpg 1 364 0 590 720
025402115_r90.jpg 1 292 345 679 341
025794163_r90.jpg 1 32 23 375 420
025937253_r90.jpg 1 1048 0 337 475
025967084_r90.jpg 1 182 74 173 302
025987963_r90.jpg 1 630 112 292 290
026348338_r90.jpg 1 0 132 203 249
026592845_r90.jpg 1 546 65 336 489
026655012_r90.jpg 1 317 201 529 519
027126859_r90.jpg 1 218 23 858 697
027146066_r90.jpg 1 262 0 442 408
028255027_r90.jpg 1 505 330 494 279
028578356_r90.jpg 1 525 249 317 232
029321077_r90.jpg 1 502 172 398 480
029611713_r90.jpg 1 441 72 1260 1008
030137787_r90.jpg 1 241 96 359 241
030233325_r90.jpg 1 0 48 341 372
031387937_r90.jpg 1 305 0 1281 1080
035075321_r90.jpg 1 319 279 785 441
035543668_r90.jpg 1 515 474 854 588
036084993_r90.jpg 1 886 235 708 829
036628639_r90.jpg 1 408 318 265 325
037183678_r90.jpg 1 614 89 387 469
038057594_r90.jpg 1 484 0 446 89
039617269_r90.jpg 1 322 16 461 314
039628052_r90.jpg 1 692 616 806 464
039850473_r90.jpg 1 679 850 596 230
040388357_r90.jpg 1 458 169 822 551
040414032_r90.jpg 1 246 143 240 219
040656781_r90.jpg 1 832 398 573 499
041261768_r90.jpg 1 275 41 449 422
041400068_r90.jpg 1 915 351 848 729
041577510_r90.jpg 1 119 32 433 445
042449283_r90.jpg 1 13 0 569 480
042506817_r90.jpg 1 290 0 1241 1080
043913491_r90.jpg 1 310 122 269 277
043930327_r90.jpg 1 449 173 970 907
045813836_r90.jpg 1 252 38 702 378
046322964_r90.jpg 1 667 167 859 913
046393249_r90.jpg 1 161 102 248 248
046413519_r90.jpg 1 596 289 765 791
046472196_r90.jpg 1 534 448 1216 632
047343493_r90.jpg 1 363 34 348 424
047464816_r90.jpg 1 415 86 455 446
047508987_r90.jpg 1 117 0 671 457
047788299_r90.jpg 1 74 0 938 720
048346906_r90.jpg 1 332 0 756 494
049950177_r90.jpg 1 224 262 335 368
050111970_r90.jpg 1 350 330 332 286
050493280_r90.jpg 1 288 70 592 532
050780288_r90.jpg 1 366 241 867 459
051423444_r90.jpg 1 491 372 579 348
051594588_r90.jpg 1 183 49 341 425
052264343_r90.jpg 1 370 154 1174 926
052324708_r90.jpg 1 569 87 474 789
052858420_r90.jpg 1 312 0 1204 1062
052879461_r90.jpg 1 353 152 854 568
053100313_r90.jpg 1 74 168 456 312
053211349_r90.jpg 1 410 125 487 595
053362459_r90.jpg 1 64 0 943 720
053553668_r90.jpg 1 498 815 462 265
054556254_r90.jpg 1 118 91 336 339
054814520_r90.jpg 1 590 110 561 823
055340003_r90.jpg 1 447 0 1113 870
055401702_r90.jpg 1 650 478 926 602
055785385_r90.jpg 1 390 29 748 691
055787632_r90.jpg 1 585 109 844 762
055838448_r90.jpg 1 683 332 573 364
056065685_r90.jpg 1 658 0 360 360
056430106_r90.jpg 1 25 98 533 382
056553891_r90.jpg 1 68 0 515 471
057332371_r90.jpg 1 314 507 691 573
057506057_r90.jpg 1 477 61 524 659
057880675_r90.jpg 1 170 0 793 642
059917564_r90.jpg 1 309 0 1355 1080
060047286_r90.jpg 1 456 59 421 525
060585297_r90.jpg 1 496 998 996 82
060601500_r90.jpg 1 390 145 569 360
060671620_r90.jpg 1 74 0 549 480
061912140_r90.jpg 1 441 0 729 309
063564532_r90.jpg 1 528 380 324 287
063827562_r90.jpg 1 260 0 1377 1080
064071022_r90.jpg 1 160 42 322 438
064227816_r90.jpg 1 200 0 1064 1050
064950893_r90.jpg 1 223 277 740 760
068637223_r90.jpg 1 413 158 340 285
068959729_r90.jpg 1 532 297 481 423
069340085_r90.jpg 1 169 217 482 263
069931292_r90.jpg 1 873 250 521 533
070691102_r90.jpg 1 295 45 743 322
070859331_r90.jpg 1 167 0 919 720
070908668_r90.jpg 1 385 88 348 464
071213705_r90.jpg 1 318 95 706 483
071660628_r90.jpg 1 61 75 483 323
072058642_r90.jpg 1 428 37 357 397
072697987_r90.jpg 1 0 0 1849 1080
073199394_r90.jpg 1 451 153 568 539
073460830_r90.jpg 1 627 458 398 206
073640202_r90.jpg 1 183 0 454 438
073735708_r90.jpg 1 596 91 510 545
074674988_r90.jpg 1 244 137 281 336
075781203_r90.jpg 1 70 0 576 480
077531575_r90.jpg 1 197 138 366 258
077586507_r90.jpg 1 613 0 756 278
077960864_r90.jpg 1 1019 385 431 507
079624361_r90.jpg 1 266 54 1014 666
080229031_r90.jpg 1 88 0 968 720
081241366_r90.jpg 1 173 103 224 270
081401674_r90.jpg 1 187 61 439 624
081518323_r90.jpg 1 377 297 623 423
081646025_r90.jpg 1 144 103 428 334
082655107_r90.jpg 1 287 0 437 353
082780318_r90.jpg 1 487 159 730 757
083092249_r90.jpg 1 457 225 349 364
083364996_r90.jpg 1 41 47 331 322
083848269_r90.jpg 1 360 99 603 385
083999822_r90.jpg 1 249 0 562 543
084255450_r90.jpg 1 289 0 817 530
084420959_r90.jpg 1 612 282 437 524
084576265_r90.jpg 1 57 138 448 342
084620777_r90.jpg 1 386 145 365 468
084645229_r90.jpg 1 53 7 415 361
084696885_r90.jpg 1 203 58 635 662
084858619_r90.jpg 1 469 186 272 313
085109188_r90.jpg 1 449 134 228 482
086204265_r90.jpg 1 161 16 413 403
086240435_r90.jpg 1 111 46 371 397
086701161_r90.jpg 1 230 0 918 720
086839621_r90.jpg 1 483 130 856 571
088170897_r90.jpg 1 166 120 765 600
088390181_r90.jpg 1 803 41 666 1039
088578236_r90.jpg 1 156 79 398 457
088638036_r90.jpg 1 800 180 354 540
089041647_r90.jpg 1 134 0 918 720
089196991_r90.jpg 1 461 192 416 477
089393351_r90.jpg 1 295 0 982 896
089793529_r90.jpg 1 155 223 1046 857
090508404_r90.jpg 1 361 254 486 446
090532183_r90.jpg 1 618 424 364 378
090635439_r90.jpg 1 589 311 378 347
091487838_r90.jpg 1 125 0 914 720
093249587_r90.jpg 1 125 154 116 126
093374764_r90.jpg 1 0 62 444 418
093441079_r90.jpg 1 280 198 846 522
093616304_r90.jpg 1 384 0 900 1018
094147424_r90.jpg 1 607 481 429 222
094199145_r90.jpg 1 265 0 561 241
094675624_r90.jpg 1 354 287 489 234
095357354_r90.jpg 1 133 218 263 209
096544863_r90.jpg 1 312 43 687 677
096712118_r90.jpg 1 91 120 872 600
096848878_r90.jpg 1 407 45 722 675
097222971_r90.jpg 1 103 61 393 373
097799979_r90.jpg 1 107 3 414 455
097926460_r90.jpg 1 358 41 566 679
098656949_r90.jpg 1 211 287 620 433
099865392_r90.jpg 1 216 0 689 585
099890470_r90.jpg 1 134 55 341 324
000015774_gray.jpg 1 428 208 449 364
000980053_gray.jpg 1 388 170 392 313
001693075_gray.jpg 1 581 149 140 378
001756546_gray.jpg 1 498 81 95 232
002230170_gray.jpg 1 145 89 308 332
002311067_gray.jpg 1 607 235 151 233
003339320_gray.jpg 1 328 261 100 282
003373011_gray.jpg 1 227 30 190 399
003725388_gray.jpg 1 574 11 370 707
003782014_gray.jpg 1 327 24 193 349
005592635_gray.jpg 1 299 116 283 604
005651569_gray.jpg 1 89 104 305 285
005695287_gray.jpg 1 839 221 329 826
006605531_gray.jpg 1 418 74 493 646
006844071_gray.jpg 1 433 193 423 526
007639332_gray.jpg 1 352 318 378 308
007681103_gray.jpg 1 446 2 435 718
007989940_gray.jpg 1 581 146 751 736
008139032_gray.jpg 1 499 164 211 418
008456538_gray.jpg 1 247 67 505 485
008703357_gray.jpg 1 255 1 626 629
009048629_gray.jpg 1 415 1 191 299
009493201_gray.jpg 1 817 289 321 637
009540343_gray.jpg 1 488 94 255 442
009553965_gray.jpg 1 480 57 339 663
010157454_gray.jpg 1 547 1 363 577
010470516_gray.jpg 1 371 46 182 402
011156899_gray.jpg 1 487 1 989 911
011464780_gray.jpg 1 771 244 469 836
011618078_gray.jpg 1 664 269 689 735
011658307_gray.jpg 1 88 24 162 455
011836724_gray.jpg 1 257 17 678 1063
013605623_gray.jpg 1 419 178 275 486
013706270_gray.jpg 1 413 179 279 576
013755211_gray.jpg 1 382 106 193 233
014028231_gray.jpg 1 257 46 452 674
014171521_gray.jpg 1 319 147 731 521
015210428_gray.jpg 1 521 47 416 670
015745133_gray.jpg 1 172 271 181 213
019060983_gray.jpg 1 654 60 344 498
019127737_gray.jpg 1 152 1 517 839
019188755_gray.jpg 1 1297 54 561 586
019289374_gray.jpg 1 293 121 120 249
019629430_gray.jpg 1 144 1 393 718
020079826_gray.jpg 1 484 59 207 332
020165521_gray.jpg 1 728 195 282 340
020625211_gray.jpg 1 448 60 268 660
020802456_gray.jpg 1 951 247 205 403
020934932_gray.jpg 1 89 82 334 398
021143126_gray.jpg 1 384 131 766 415
021491264_gray.jpg 1 471 43 113 236
021673980_gray.jpg 1 286 44 433 406
021932040_gray.jpg 1 776 422 163 298
022516102_gray.jpg 1 356 101 464 619
022540211_gray.jpg 1 356 114 481 545
022714909_gray.jpg 1 528 2 607 718
024241591_gray.jpg 1 527 200 239 306
024396348_gray.jpg 1 634 82 199 547
024968106_gray.jpg 1 633 1 698 908
025320116_gray.jpg 1 423 41 466 679
025402115_gray.jpg 1 363 52 243 649
025794163_gray.jpg 1 132 107 203 370
025937253_gray.jpg 1 1211 79 193 478
025967084_gray.jpg 1 184 76 169 300
025987963_gray.jpg 1 610 352 277 280
026348338_gray.jpg 1 10 241 186 197
026592845_gray.jpg 1 591 65 209 446
026655012_gray.jpg 1 523 251 295 469
027126859_gray.jpg 1 241 124 645 596
027146066_gray.jpg 1 384 48 242 385
028255027_gray.jpg 1 433 250 223 470
028578356_gray.jpg 1 545 166 208 301
029321077_gray.jpg 1 641 132 159 473
029611713_gray.jpg 1 549 171 1077 819
030137787_gray.jpg 1 348 63 202 337
030233325_gray.jpg 1 39 40 274 314
031387937_gray.jpg 1 472 1 946 1078
035075321_gray.jpg 1 680 36 408 684
035543668_gray.jpg 1 937 184 496 801
036084993_gray.jpg 1 912 295 632 767
036628639_gray.jpg 1 409 319 257 319
037183678_gray.jpg 1 719 196 162 455
038057594_gray.jpg 1 932 179 311 422
039617269_gray.jpg 1 338 176 196 421
039628052_gray.jpg 1 1174 410 458 670
039850473_gray.jpg 1 389 322 234 574
040388357_gray.jpg 1 527 190 753 503
040414032_gray.jpg 1 265 188 136 198
040656781_gray.jpg 1 707 477 382 490
041261768_gray.jpg 1 323 277 415 443
041400068_gray.jpg 1 1151 44 460 727
041577510_gray.jpg 1 195 74 293 339
042449283_gray.jpg 1 125 15 330 465
042506817_gray.jpg 1 429 64 935 1016
043913491_gray.jpg 1 314 127 261 269
043930327_gray.jpg 1 537 234 641 728
045813836_gray.jpg 1 349 46 311 674
046322964_gray.jpg 1 706 105 761 662
046393249_gray.jpg 1 191 175 190 160
046413519_gray.jpg 1 847 312 444 689
046472196_gray.jpg 1 1062 160 854 920
047343493_gray.jpg 1 387 104 239 366
047464816_gray.jpg 1 469 140 270 369
047508987_gray.jpg 1 210 144 344 576
047788299_gray.jpg 1 187 16 626 704
048346906_gray.jpg 1 617 44 364 676
049950177_gray.jpg 1 286 346 268 314
050111970_gray.jpg 1 416 164 119 324
050493280_gray.jpg 1 411 159 371 485
050780288_gray.jpg 1 368 326 826 336
051423444_gray.jpg 1 813 189 277 531
051594588_gray.jpg 1 136 43 415 328
052264343_gray.jpg 1 671 60 829 1020
052324708_gray.jpg 1 702 65 259 746
052858420_gray.jpg 1 599 22 602 1058
052879461_gray.jpg 1 632 1 491 699
053100313_gray.jpg 1 73 79 255 387
053211349_gray.jpg 1 459 164 343 553
053362459_gray.jpg 1 159 15 746 705
053553668_gray.jpg 1 277 584 332 322
054556254_gray.jpg 1 209 65 144 333
054814520_gray.jpg 1 606 117 532 804
055340003_gray.jpg 1 692 56 805 1024
055401702_gray.jpg 1 1067 279 597 713
055785385_gray.jpg 1 504 58 557 662
055787632_gray.jpg 1 849 157 353 792
055838448_gray.jpg 1 808 260 258 530
056065685_gray.jpg 1 790 121 236 320
056430106_gray.jpg 1 131 1 234 479
056553891_gray.jpg 1 192 228 240 492
057332371_gray.jpg 1 338 200 406 560
057506057_gray.jpg 1 502 70 481 650
057880675_gray.jpg 1 203 55 716 547
059917564_gray.jpg 1 581 1 881 1079
060047286_gray.jpg 1 470 70 398 507
060585297_gray.jpg 1 51 90 444 990
060601500_gray.jpg 1 574 119 218 529
060671620_gray.jpg 1 158 89 396 390
061912140_gray.jpg 1 1193 19 323 725
063564532_gray.jpg 1 719 259 179 271
063827562_gray.jpg 1 489 1 895 1079
064071022_gray.jpg 1 220 57 181 423
064227816_gray.jpg 1 383 1 643 1079
064950893_gray.jpg 1 264 307 612 638
068637223_gray.jpg 1 553 187 200 290
068959729_gray.jpg 1 726 237 275 483
069340085_gray.jpg 1 205 1 223 464
069931292_gray.jpg 1 739 465 507 495
070691102_gray.jpg 1 695 1 201 719
070859331_gray.jpg 1 278 1 654 719
070908668_gray.jpg 1 446 156 413 231
071213705_gray.jpg 1 463 57 407 663
071660628_gray.jpg 1 188 33 252 447
072058642_gray.jpg 1 458 24 286 340
072697987_gray.jpg 1 12 1 1659 1079
073199394_gray.jpg 1 537 71 396 450
073460830_gray.jpg 1 772 1 171 384
073640202_gray.jpg 1 164 31 459 439
073735708_gray.jpg 1 637 86 421 466
074674988_gray.jpg 1 310 134 189 286
075781203_gray.jpg 1 117 112 490 317
077531575_gray.jpg 1 255 135 129 343
077586507_gray.jpg 1 1286 36 501 614
077960864_gray.jpg 1 1139 241 212 466
079624361_gray.jpg 1 428 136 852 568
080229031_gray.jpg 1 215 1 720 654
081241366_gray.jpg 1 220 105 140 232
081401674_gray.jpg 1 273 156 294 564
081518323_gray.jpg 1 300 147 371 573
081646025_gray.jpg 1 156 130 397 289
082655107_gray.jpg 1 424 48 262 354
082780318_gray.jpg 1 561 197 590 628
083092249_gray.jpg 1 599 215 134 371
083364996_gray.jpg 1 121 190 219 251
083848269_gray.jpg 1 443 45 271 557
083999822_gray.jpg 1 333 127 319 478
084255450_gray.jpg 1 544 22 651 693
084420959_gray.jpg 1 773 356 168 523
084576265_gray.jpg 1 117 65 196 415
084620777_gray.jpg 1 502 191 171 441
084645229_gray.jpg 1 165 114 198 366
084696885_gray.jpg 1 273 74 461 646
084858619_gray.jpg 1 508 227 187 261
085109188_gray.jpg 1 482 132 160 463
086204265_gray.jpg 1 275 66 188 389
086240435_gray.jpg 1 145 79 307 341
086701161_gray.jpg 1 347 42 738 678
086839621_gray.jpg 1 868 72 403 785
088170897_gray.jpg 1 262 68 427 652
088390181_gray.jpg 1 869 102 524 978
088578236_gray.jpg 1 274 1 260 383
088638036_gray.jpg 1 838 159 299 561
089041647_gray.jpg 1 263 2 580 718
089196991_gray.jpg 1 535 217 309 403
089393351_gray.jpg 1 569 132 401 948
089793529_gray.jpg 1 303 1 695 800
090508404_gray.jpg 1 425 175 202 461
090532183_gray.jpg 1 646 404 278 301
090635439_gray.jpg 1 583 310 231 306
091487838_gray.jpg 1 272 8 585 712
093249587_gray.jpg 1 138 129 101 114
093374764_gray.jpg 1 47 48 288 432
093441079_gray.jpg 1 586 1 525 719
093616304_gray.jpg 1 447 30 761 955
094147424_gray.jpg 1 807 3 172 411
094199145_gray.jpg 1 206 132 252 520
094675624_gray.jpg 1 607 170 127 473
095357354_gray.jpg 1 157 106 130 231
096544863_gray.jpg 1 342 227 733 320
096712118_gray.jpg 1 192 1 494 719
096848878_gray.jpg 1 466 1 552 532
097222971_gray.jpg 1 202 57 199 345
097799979_gray.jpg 1 196 39 248 381
097926460_gray.jpg 1 539 45 235 675
098656949_gray.jpg 1 343 37 193 605
099865392_gray.jpg 1 303 121 490 599
099890470_gray.jpg 1 189 104 208 271
000015774_sepia.jpg 1 428 208 449 364
000980053_sepia.jpg 1 388 170 392 313
001693075_sepia.jpg 1 581 149 140 378
001756546_sepia.jpg 1 498 81 95 232
002230170_sepia.jpg 1 145 89 308 332
002311067_sepia.jpg 1 607 235 151 233
003339320_sepia.jpg 1 328 261 100 282
003373011_sepia.jpg 1 227 30 190 399
003725388_sepia.jpg 1 574 11 370 707
003782014_sepia.jpg 1 327 24 193 349
005592635_sepia.jpg 1 299 116 283 604
005651569_sepia.jpg 1 89 104 305 285
005695287_sepia.jpg 1 839 221 329 826
006605531_sepia.jpg 1 418 74 493 646
006844071_sepia.jpg 1 433 193 423 526
007639332_sepia.jpg 1 352 318 378 308
007681103_sepia.jpg 1 446 2 435 718
007989940_sepia.jpg 1 581 146 751 736
008139032_sepia.jpg 1 499 164 211 418
008456538_sepia.jpg 1 247 67 505 485
008703357_sepia.jpg 1 255 1 626 629
009048629_sepia.jpg 1 415 1 191 299
009493201_sepia.jpg 1 817 289 321 637
009540343_sepia.jpg 1 488 94 255 442
009553965_sepia.jpg 1 480 57 339 663
010157454_sepia.jpg 1 547 1 363 577
010470516_sepia.jpg 1 371 46 182 402
011156899_sepia.jpg 1 487 1 989 911
011464780_sepia.jpg 1 771 244 469 836
011618078_sepia.jpg 1 664 269 689 735
011658307_sepia.jpg 1 88 24 162 455
011836724_sepia.jpg 1 257 17 678 1063
013605623_sepia.jpg 1 419 178 275 486
013706270_sepia.jpg 1 413 179 279 576
013755211_sepia.jpg 1 382 106 193 233
014028231_sepia.jpg 1 257 46 452 674
014171521_sepia.jpg 1 319 147 731 521
015210428_sepia.jpg 1 521 47 416 670
015745133_sepia.jpg 1 172 271 181 213
019060983_sepia.jpg 1 654 60 344 498
019127737_sepia.jpg 1 152 1 517 839
019188755_sepia.jpg 1 1297 54 561 586
019289374_sepia.jpg 1 293 121 120 249
019629430_sepia.jpg 1 144 1 393 718
020079826_sepia.jpg 1 484 59 207 332
020165521_sepia.jpg 1 728 195 282 340
020625211_sepia.jpg 1 448 60 268 660
020802456_sepia.jpg 1 951 247 205 403
020934932_sepia.jpg 1 89 82 334 398
021143126_sepia.jpg 1 384 131 766 415
021491264_sepia.jpg 1 471 43 113 236
021673980_sepia.jpg 1 286 44 433 406
021932040_sepia.jpg 1 776 422 163 298
022516102_sepia.jpg 1 356 101 464 619
022540211_sepia.jpg 1 356 114 481 545
022714909_sepia.jpg 1 528 2 607 718
024241591_sepia.jpg 1 527 200 239 306
024396348_sepia.jpg 1 634 82 199 547
024968106_sepia.jpg 1 633 1 698 908
025320116_sepia.jpg 1 423 41 466 679
025402115_sepia.jpg 1 363 52 243 649
025794163_sepia.jpg 1 132 107 203 370
025937253_sepia.jpg 1 1211 79 193 478
025967084_sepia.jpg 1 184 76 169 300
025987963_sepia.jpg 1 610 352 277 280
026348338_sepia.jpg 1 10 241 186 197
026592845_sepia.jpg 1 591 65 209 446
026655012_sepia.jpg 1 523 251 295 469
027126859_sepia.jpg 1 241 124 645 596
027146066_sepia.jpg 1 384 48 242 385
028255027_sepia.jpg 1 433 250 223 470
028578356_sepia.jpg 1 545 166 208 301
029321077_sepia.jpg 1 641 132 159 473
029611713_sepia.jpg 1 549 171 1077 819
030137787_sepia.jpg 1 348 63 202 337
030233325_sepia.jpg 1 39 40 274 314
031387937_sepia.jpg 1 472 1 946 1078
035075321_sepia.jpg 1 680 36 408 684
035543668_sepia.jpg 1 937 184 496 801
036084993_sepia.jpg 1 912 295 632 767
036628639_sepia.jpg 1 409 319 257 319
037183678_sepia.jpg 1 719 196 162 455
038057594_sepia.jpg 1 932 179 311 422
039617269_sepia.jpg 1 338 176 196 421
039628052_sepia.jpg 1 1174 410 458 670
039850473_sepia.jpg 1 389 322 234 574
040388357_sepia.jpg 1 527 190 753 503
040414032_sepia.jpg 1 265 188 136 198
040656781_sepia.jpg 1 707 477 382 490
041261768_sepia.jpg 1 323 277 415 443
041400068_sepia.jpg 1 1151 44 460 727
041577510_sepia.jpg 1 195 74 293 339
042449283_sepia.jpg 1 125 15 330 465
042506817_sepia.jpg 1 429 64 935 1016
043913491_sepia.jpg 1 314 127 261 269
043930327_sepia.jpg 1 537 234 641 728
045813836_sepia.jpg 1 349 46 311 674
046322964_sepia.jpg 1 706 105 761 662
046393249_sepia.jpg 1 191 175 190 160
046413519_sepia.jpg 1 847 312 444 689
046472196_sepia.jpg 1 1062 160 854 920
047343493_sepia.jpg 1 387 104 239 366
047464816_sepia.jpg 1 469 140 270 369
047508987_sepia.jpg 1 210 144 344 576
047788299_sepia.jpg 1 187 16 626 704
048346906_sepia.jpg 1 617 44 364 676
049950177_sepia.jpg 1 286 346 268 314
050111970_sepia.jpg 1 416 164 119 324
050493280_sepia.jpg 1 411 159 371 485
050780288_sepia.jpg 1 368 326 826 336
051423444_sepia.jpg 1 813 189 277 531
051594588_sepia.jpg 1 136 43 415 328
052264343_sepia.jpg 1 671 60 829 1020
052324708_sepia.jpg 1 702 65 259 746
052858420_sepia.jpg 1 599 22 602 1058
052879461_sepia.jpg 1 632 1 491 699
053100313_sepia.jpg 1 73 79 255 387
053211349_sepia.jpg 1 459 164 343 553
053362459_sepia.jpg 1 159 15 746 705
053553668_sepia.jpg 1 277 584 332 322
054556254_sepia.jpg 1 209 65 144 333
054814520_sepia.jpg 1 606 117 532 804
055340003_sepia.jpg 1 692 56 805 1024
055401702_sepia.jpg 1 1067 279 597 713
055785385_sepia.jpg 1 504 58 557 662
055787632_sepia.jpg 1 849 157 353 792
055838448_sepia.jpg 1 808 260 258 530
056065685_sepia.jpg 1 790 121 236 320
056430106_sepia.jpg 1 131 1 234 479
056553891_sepia.jpg 1 192 228 240 492
057332371_sepia.jpg 1 338 200 406 560
057506057_sepia.jpg 1 502 70 481 650
057880675_sepia.jpg 1 203 55 716 547
059917564_sepia.jpg 1 581 1 881 1079
060047286_sepia.jpg 1 470 70 398 507
060585297_sepia.jpg 1 51 90 444 990
060601500_sepia.jpg 1 574 119 218 529
060671620_sepia.jpg 1 158 89 396 390
061912140_sepia.jpg 1 1193 19 323 725
063564532_sepia.jpg 1 719 259 179 271
063827562_sepia.jpg 1 489 1 895 1079
064071022_sepia.jpg 1 220 57 181 423
064227816_sepia.jpg 1 383 1 643 1079
064950893_sepia.jpg 1 264 307 612 638
068637223_sepia.jpg 1 553 187 200 290
068959729_sepia.jpg 1 726 237 275 483
069340085_sepia.jpg 1 205 1 223 464
069931292_sepia.jpg 1 739 465 507 495
070691102_sepia.jpg 1 695 1 201 719
070859331_sepia.jpg 1 278 1 654 719
070908668_sepia.jpg 1 446 156 413 231
071213705_sepia.jpg 1 463 57 407 663
071660628_sepia.jpg 1 188 33 252 447
072058642_sepia.jpg 1 458 24 286 340
072697987_sepia.jpg 1 12 1 1659 1079
073199394_sepia.jpg 1 537 71 396 450
073460830_sepia.jpg 1 772 1 171 384
073640202_sepia.jpg 1 164 31 459 439
073735708_sepia.jpg 1 637 86 421 466
074674988_sepia.jpg 1 310 134 189 286
075781203_sepia.jpg 1 117 112 490 317
077531575_sepia.jpg 1 255 135 129 343
077586507_sepia.jpg 1 1286 36 501 614
077960864_sepia.jpg 1 1139 241 212 466
079624361_sepia.jpg 1 428 136 852 568
080229031_sepia.jpg 1 215 1 720 654
081241366_sepia.jpg 1 220 105 140 232
081401674_sepia.jpg 1 273 156 294 564
081518323_sepia.jpg 1 300 147 371 573
081646025_sepia.jpg 1 156 130 397 289
082655107_sepia.jpg 1 424 48 262 354
082780318_sepia.jpg 1 561 197 590 628
083092249_sepia.jpg 1 599 215 134 371
083364996_sepia.jpg 1 121 190 219 251
083848269_sepia.jpg 1 443 45 271 557
083999822_sepia.jpg 1 333 127 319 478
084255450_sepia.jpg 1 544 22 651 693
084420959_sepia.jpg 1 773 356 168 523
084576265_sepia.jpg 1 117 65 196 415
084620777_sepia.jpg 1 502 191 171 441
084645229_sepia.jpg 1 165 114 198 366
084696885_sepia.jpg 1 273 74 461 646
084858619_sepia.jpg 1 508 227 187 261
085109188_sepia.jpg 1 482 132 160 463
086204265_sepia.jpg 1 275 66 188 389
086240435_sepia.jpg 1 145 79 307 341
086701161_sepia.jpg 1 347 42 738 678
086839621_sepia.jpg 1 868 72 403 785
088170897_sepia.jpg 1 262 68 427 652
088390181_sepia.jpg 1 869 102 524 978
088578236_sepia.jpg 1 274 1 260 383
088638036_sepia.jpg 1 838 159 299 561
089041647_sepia.jpg 1 263 2 580 718
089196991_sepia.jpg 1 535 217 309 403
089393351_sepia.jpg 1 569 132 401 948
089793529_sepia.jpg 1 303 1 695 800
090508404_sepia.jpg 1 425 175 202 461
090532183_sepia.jpg 1 646 404 278 301
090635439_sepia.jpg 1 583 310 231 306
091487838_sepia.jpg 1 272 8 585 712
093249587_sepia.jpg 1 138 129 101 114
093374764_sepia.jpg 1 47 48 288 432
093441079_sepia.jpg 1 586 1 525 719
093616304_sepia.jpg 1 447 30 761 955
094147424_sepia.jpg 1 807 3 172 411
094199145_sepia.jpg 1 206 132 252 520
094675624_sepia.jpg 1 607 170 127 473
095357354_sepia.jpg 1 157 106 130 231
096544863_sepia.jpg 1 342 227 733 320
096712118_sepia.jpg 1 192 1 494 719
096848878_sepia.jpg 1 466 1 552 532
097222971_sepia.jpg 1 202 57 199 345
097799979_sepia.jpg 1 196 39 248 381
097926460_sepia.jpg 1 539 45 235 675
098656949_sepia.jpg 1 343 37 193 605
099865392_sepia.jpg 1 303 121 490 599
099890470_sepia.jpg 1 189 104 208 271
000015774_invert.jpg 1 428 208 449 364
000980053_invert.jpg 1 388 170 392 313
001693075_invert.jpg 1 581 149 140 378
001756546_invert.jpg 1 498 81 95 232
002230170_invert.jpg 1 145 89 308 332
002311067_invert.jpg 1 607 235 151 233
003339320_invert.jpg 1 328 261 100 282
003373011_invert.jpg 1 227 30 190 399
003725388_invert.jpg 1 574 11 370 707
003782014_invert.jpg 1 327 24 193 349
005592635_invert.jpg 1 299 116 283 604
005651569_invert.jpg 1 89 104 305 285
005695287_invert.jpg 1 839 221 329 826
006605531_invert.jpg 1 418 74 493 646
006844071_invert.jpg 1 433 193 423 526
007639332_invert.jpg 1 352 318 378 308
007681103_invert.jpg 1 446 2 435 718
007989940_invert.jpg 1 581 146 751 736
008139032_invert.jpg 1 499 164 211 418
008456538_invert.jpg 1 247 67 505 485
008703357_invert.jpg 1 255 1 626 629
009048629_invert.jpg 1 415 1 191 299
009493201_invert.jpg 1 817 289 321 637
009540343_invert.jpg 1 488 94 255 442
009553965_invert.jpg 1 480 57 339 663
010157454_invert.jpg 1 547 1 363 577
010470516_invert.jpg 1 371 46 182 402
011156899_invert.jpg 1 487 1 989 911
011464780_invert.jpg 1 771 244 469 836
011618078_invert.jpg 1 664 269 689 735
011658307_invert.jpg 1 88 24 162 455
011836724_invert.jpg 1 257 17 678 1063
013605623_invert.jpg 1 419 178 275 486
013706270_invert.jpg 1 413 179 279 576
013755211_invert.jpg 1 382 106 193 233
014028231_invert.jpg 1 257 46 452 674
014171521_invert.jpg 1 319 147 731 521
015210428_invert.jpg 1 521 47 416 670
015745133_invert.jpg 1 172 271 181 213
019060983_invert.jpg 1 654 60 344 498
019127737_invert.jpg 1 152 1 517 839
019188755_invert.jpg 1 1297 54 561 586
019289374_invert.jpg 1 293 121 120 249
019629430_invert.jpg 1 144 1 393 718
020079826_invert.jpg 1 484 59 207 332
020165521_invert.jpg 1 728 195 282 340
020625211_invert.jpg 1 448 60 268 660
020802456_invert.jpg 1 951 247 205 403
020934932_invert.jpg 1 89 82 334 398
021143126_invert.jpg 1 384 131 766 415
021491264_invert.jpg 1 471 43 113 236
021673980_invert.jpg 1 286 44 433 406
021932040_invert.jpg 1 776 422 163 298
022516102_invert.jpg 1 356 101 464 619
022540211_invert.jpg 1 356 114 481 545
022714909_invert.jpg 1 528 2 607 718
024241591_invert.jpg 1 527 200 239 306
024396348_invert.jpg 1 634 82 199 547
024968106_invert.jpg 1 633 1 698 908
025320116_invert.jpg 1 423 41 466 679
025402115_invert.jpg 1 363 52 243 649
025794163_invert.jpg 1 132 107 203 370
025937253_invert.jpg 1 1211 79 193 478
025967084_invert.jpg 1 184 76 169 300
025987963_invert.jpg 1 610 352 277 280
026348338_invert.jpg 1 10 241 186 197
026592845_invert.jpg 1 591 65 209 446
026655012_invert.jpg 1 523 251 295 469
027126859_invert.jpg 1 241 124 645 596
027146066_invert.jpg 1 384 48 242 385
028255027_invert.jpg 1 433 250 223 470
028578356_invert.jpg 1 545 166 208 301
029321077_invert.jpg 1 641 132 159 473
029611713_invert.jpg 1 549 171 1077 819
030137787_invert.jpg 1 348 63 202 337
030233325_invert.jpg 1 39 40 274 314
031387937_invert.jpg 1 472 1 946 1078
035075321_invert.jpg 1 680 36 408 684
035543668_invert.jpg 1 937 184 496 801
036084993_invert.jpg 1 912 295 632 767
036628639_invert.jpg 1 409 319 257 319
037183678_invert.jpg 1 719 196 162 455
038057594_invert.jpg 1 932 179 311 422
039617269_invert.jpg 1 338 176 196 421
039628052_invert.jpg 1 1174 410 458 670
039850473_invert.jpg 1 389 322 234 574
040388357_invert.jpg 1 527 190 753 503
040414032_invert.jpg 1 265 188 136 198
040656781_invert.jpg 1 707 477 382 490
041261768_invert.jpg 1 323 277 415 443
041400068_invert.jpg 1 1151 44 460 727
041577510_invert.jpg 1 195 74 293 339
042449283_invert.jpg 1 125 15 330 465
042506817_invert.jpg 1 429 64 935 1016
043913491_invert.jpg 1 314 127 261 269
043930327_invert.jpg 1 537 234 641 728
045813836_invert.jpg 1 349 46 311 674
046322964_invert.jpg 1 706 105 761 662
046393249_invert.jpg 1 191 175 190 160
046413519_invert.jpg 1 847 312 444 689
046472196_invert.jpg 1 1062 160 854 920
047343493_invert.jpg 1 387 104 239 366
047464816_invert.jpg 1 469 140 270 369
047508987_invert.jpg 1 210 144 344 576
047788299_invert.jpg 1 187 16 626 704
048346906_invert.jpg 1 617 44 364 676
049950177_invert.jpg 1 286 346 268 314
050111970_invert.jpg 1 416 164 119 324
050493280_invert.jpg 1 411 159 371 485
050780288_invert.jpg 1 368 326 826 336
051423444_invert.jpg 1 813 189 277 531
051594588_invert.jpg 1 136 43 415 328
052264343_invert.jpg 1 671 60 829 1020
052324708_invert.jpg 1 702 65 259 746
052858420_invert.jpg 1 599 22 602 1058
052879461_invert.jpg 1 632 1 491 699
053100313_invert.jpg 1 73 79 255 387
053211349_invert.jpg 1 459 164 343 553
053362459_invert.jpg 1 159 15 746 705
053553668_invert.jpg 1 277 584 332 322
054556254_invert.jpg 1 209 65 144 333
054814520_invert.jpg 1 606 117 532 804
055340003_invert.jpg 1 692 56 805 1024
055401702_invert.jpg 1 1067 279 597 713
055785385_invert.jpg 1 504 58 557 662
055787632_invert.jpg 1 849 157 353 792
055838448_invert.jpg 1 808 260 258 530
056065685_invert.jpg 1 790 121 236 320
056430106_invert.jpg 1 131 1 234 479
056553891_invert.jpg 1 192 228 240 492
057332371_invert.jpg 1 338 200 406 560
057506057_invert.jpg 1 502 70 481 650
057880675_invert.jpg 1 203 55 716 547
059917564_invert.jpg 1 581 1 881 1079
060047286_invert.jpg 1 470 70 398 507
060585297_invert.jpg 1 51 90 444 990
060601500_invert.jpg 1 574 119 218 529
060671620_invert.jpg 1 158 89 396 390
061912140_invert.jpg 1 1193 19 323 725
063564532_invert.jpg 1 719 259 179 271
063827562_invert.jpg 1 489 1 895 1079
064071022_invert.jpg 1 220 57 181 423
064227816_invert.jpg 1 383 1 643 1079
064950893_invert.jpg 1 264 307 612 638
068637223_invert.jpg 1 553 187 200 290
068959729_invert.jpg 1 726 237 275 483
069340085_invert.jpg 1 205 1 223 464
069931292_invert.jpg 1 739 465 507 495
070691102_invert.jpg 1 695 1 201 719
070859331_invert.jpg 1 278 1 654 719
070908668_invert.jpg 1 446 156 413 231
071213705_invert.jpg 1 463 57 407 663
071660628_invert.jpg 1 188 33 252 447
072058642_invert.jpg 1 458 24 286 340
072697987_invert.jpg 1 12 1 1659 1079
073199394_invert.jpg 1 537 71 396 450
073460830_invert.jpg 1 772 1 171 384
073640202_invert.jpg 1 164 31 459 439
073735708_invert.jpg 1 637 86 421 466
074674988_invert.jpg 1 310 134 189 286
075781203_invert.jpg 1 117 112 490 317
077531575_invert.jpg 1 255 135 129 343
077586507_invert.jpg 1 1286 36 501 614
077960864_invert.jpg 1 1139 241 212 466
079624361_invert.jpg 1 428 136 852 568
080229031_invert.jpg 1 215 1 720 654
081241366_invert.jpg 1 220 105 140 232
081401674_invert.jpg 1 273 156 294 564
081518323_invert.jpg 1 300 147 371 573
081646025_invert.jpg 1 156 130 397 289
082655107_invert.jpg 1 424 48 262 354
082780318_invert.jpg 1 561 197 590 628
083092249_invert.jpg 1 599 215 134 371
083364996_invert.jpg 1 121 190 219 251
083848269_invert.jpg 1 443 45 271 557
083999822_invert.jpg 1 333 127 319 478
084255450_invert.jpg 1 544 22 651 693
084420959_invert.jpg 1 773 356 168 523
084576265_invert.jpg 1 117 65 196 415
084620777_invert.jpg 1 502 191 171 441
084645229_invert.jpg 1 165 114 198 366
084696885_invert.jpg 1 273 74 461 646
084858619_invert.jpg 1 508 227 187 261
085109188_invert.jpg 1 482 132 160 463
086204265_invert.jpg 1 275 66 188 389
086240435_invert.jpg 1 145 79 307 341
086701161_invert.jpg 1 347 42 738 678
086839621_invert.jpg 1 868 72 403 785
088170897_invert.jpg 1 262 68 427 652
088390181_invert.jpg 1 869 102 524 978
088578236_invert.jpg 1 274 1 260 383
088638036_invert.jpg 1 838 159 299 561
089041647_invert.jpg 1 263 2 580 718
089196991_invert.jpg 1 535 217 309 403
089393351_invert.jpg 1 569 132 401 948
089793529_invert.jpg 1 303 1 695 800
090508404_invert.jpg 1 425 175 202 461
090532183_invert.jpg 1 646 404 278 301
090635439_invert.jpg 1 583 310 231 306
091487838_invert.jpg 1 272 8 585 712
093249587_invert.jpg 1 138 129 101 114
093374764_invert.jpg 1 47 48 288 432
093441079_invert.jpg 1 586 1 525 719
093616304_invert.jpg 1 447 30 761 955
094147424_invert.jpg 1 807 3 172 411
094199145_invert.jpg 1 206 132 252 520
094675624_invert.jpg 1 607 170 127 473
095357354_invert.jpg 1 157 106 130 231
096544863_invert.jpg 1 342 227 733 320
096712118_invert.jpg 1 192 1 494 719
096848878_invert.jpg 1 466 1 552 532
097222971_invert.jpg 1 202 57 199 345
097799979_invert.jpg 1 196 39 248 381
097926460_invert.jpg 1 539 45 235 675
098656949_invert.jpg 1 343 37 193 605
099865392_invert.jpg 1 303 121 490 599
099890470_invert.jpg 1 189 104 208 271
000015774_posterize.jpg 1 428 208 449 364
000980053_posterize.jpg 1 388 170 392 313
001693075_posterize.jpg 1 581 149 140 378
001756546_posterize.jpg 1 498 81 95 232
002230170_posterize.jpg 1 145 89 308 332
002311067_posterize.jpg 1 607 235 151 233
003339320_posterize.jpg 1 328 261 100 282
003373011_posterize.jpg 1 227 30 190 399
003725388_posterize.jpg 1 574 11 370 707
003782014_posterize.jpg 1 327 24 193 349
005592635_posterize.jpg 1 299 116 283 604
005651569_posterize.jpg 1 89 104 305 285
005695287_posterize.jpg 1 839 221 329 826
006605531_posterize.jpg 1 418 74 493 646
006844071_posterize.jpg 1 433 193 423 526
007639332_posterize.jpg 1 352 318 378 308
007681103_posterize.jpg 1 446 2 435 718
007989940_posterize.jpg 1 581 146 751 736
008139032_posterize.jpg 1 499 164 211 418
008456538_posterize.jpg 1 247 67 505 485
008703357_posterize.jpg 1 255 1 626 629
009048629_posterize.jpg 1 415 1 191 299
009493201_posterize.jpg 1 817 289 321 637
009540343_posterize.jpg 1 488 94 255 442
009553965_posterize.jpg 1 480 57 339 663
010157454_posterize.jpg 1 547 1 363 577
010470516_posterize.jpg 1 371 46 182 402
011156899_posterize.jpg 1 487 1 989 911
011464780_posterize.jpg 1 771 244 469 836
011618078_posterize.jpg 1 664 269 689 735
011658307_posterize.jpg 1 88 24 162 455
011836724_posterize.jpg 1 257 17 678 1063
013605623_posterize.jpg 1 419 178 275 486
013706270_posterize.jpg 1 413 179 279 576
013755211_posterize.jpg 1 382 106 193 233
014028231_posterize.jpg 1 257 46 452 674
014171521_posterize.jpg 1 319 147 731 521
015210428_posterize.jpg 1 521 47 416 670
015745133_posterize.jpg 1 172 271 181 213
019060983_posterize.jpg 1 654 60 344 498
019127737_posterize.jpg 1 152 1 517 839
019188755_posterize.jpg 1 1297 54 561 586
019289374_posterize.jpg 1 293 121 120 249
019629430_posterize.jpg 1 144 1 393 718
020079826_posterize.jpg 1 484 59 207 332
020165521_posterize.jpg 1 728 195 282 340
020625211_posterize.jpg 1 448 60 268 660
020802456_posterize.jpg 1 951 247 205 403
020934932_posterize.jpg 1 89 82 334 398
021143126_posterize.jpg 1 384 131 766 415
021491264_posterize.jpg 1 471 43 113 236
021673980_posterize.jpg 1 286 44 433 406
021932040_posterize.jpg 1 776 422 163 298
022516102_posterize.jpg 1 356 101 464 619
022540211_posterize.jpg 1 356 114 481 545
022714909_posterize.jpg 1 528 2 607 718
024241591_posterize.jpg 1 527 200 239 306
024396348_posterize.jpg 1 634 82 199 547
024968106_posterize.jpg 1 633 1 698 908
025320116_posterize.jpg 1 423 41 466 679
025402115_posterize.jpg 1 363 52 243 649
025794163_posterize.jpg 1 132 107 203 370
025937253_posterize.jpg 1 1211 79 193 478
025967084_posterize.jpg 1 184 76 169 300
025987963_posterize.jpg 1 610 352 277 280
026348338_posterize.jpg 1 10 241 186 197
026592845_posterize.jpg 1 591 65 209 446
026655012_posterize.jpg 1 523 251 295 469
027126859_posterize.jpg 1 241 124 645 596
027146066_posterize.jpg 1 384 48 242 385
028255027_posterize.jpg 1 433 250 223 470
028578356_posterize.jpg 1 545 166 208 301
029321077_posterize.jpg 1 641 132 159 473
029611713_posterize.jpg 1 549 171 1077 819
030137787_posterize.jpg 1 348 63 202 337
030233325_posterize.jpg 1 39 40 274 314
031387937_posterize.jpg 1 472 1 946 1078
035075321_posterize.jpg 1 680 36 408 684
035543668_posterize.jpg 1 937 184 496 801
036084993_posterize.jpg 1 912 295 632 767
036628639_posterize.jpg 1 409 319 257 319
037183678_posterize.jpg 1 719 196 162 455
038057594_posterize.jpg 1 932 179 311 422
039617269_posterize.jpg 1 338 176 196 421
039628052_posterize.jpg 1 1174 410 458 670
039850473_posterize.jpg 1 389 322 234 574
040388357_posterize.jpg 1 527 190 753 503
040414032_posterize.jpg 1 265 188 136 198
040656781_posterize.jpg 1 707 477 382 490
041261768_posterize.jpg 1 323 277 415 443
041400068_posterize.jpg 1 1151 44 460 727
041577510_posterize.jpg 1 195 74 293 339
042449283_posterize.jpg 1 125 15 330 465
042506817_posterize.jpg 1 429 64 935 1016
043913491_posterize.jpg 1 314 127 261 269
043930327_posterize.jpg 1 537 234 641 728
045813836_posterize.jpg 1 349 46 311 674
046322964_posterize.jpg 1 706 105 761 662
046393249_posterize.jpg 1 191 175 190 160
046413519_posterize.jpg 1 847 312 444 689
046472196_posterize.jpg 1 1062 160 854 920
047343493_posterize.jpg 1 387 104 239 366
047464816_posterize.jpg 1 469 140 270 369
047508987_posterize.jpg 1 210 144 344 576
047788299_posterize.jpg 1 187 16 626 704
048346906_posterize.jpg 1 617 44 364 676
049950177_posterize.jpg 1 286 346 268 314
050111970_posterize.jpg 1 416 164 119 324
050493280_posterize.jpg 1 411 159 371 485
050780288_posterize.jpg 1 368 326 826 336
051423444_posterize.jpg 1 813 189 277 531
051594588_posterize.jpg 1 136 43 415 328
052264343_posterize.jpg 1 671 60 829 1020
052324708_posterize.jpg 1 702 65 259 746
052858420_posterize.jpg 1 599 22 602 1058
052879461_posterize.jpg 1 632 1 491 699
053100313_posterize.jpg 1 73 79 255 387
053211349_posterize.jpg 1 459 164 343 553
053362459_posterize.jpg 1 159 15 746 705
053553668_posterize.jpg 1 277 584 332 322
054556254_posterize.jpg 1 209 65 144 333
054814520_posterize.jpg 1 606 117 532 804
055340003_posterize.jpg 1 692 56 805 1024
055401702_posterize.jpg 1 1067 279 597 713
055785385_posterize.jpg 1 504 58 557 662
055787632_posterize.jpg 1 849 157 353 792
055838448_posterize.jpg 1 808 260 258 530
056065685_posterize.jpg 1 790 121 236 320
056430106_posterize.jpg 1 131 1 234 479
056553891_posterize.jpg 1 192 228 240 492
057332371_posterize.jpg 1 338 200 406 560
057506057_posterize.jpg 1 502 70 481 650
057880675_posterize.jpg 1 203 55 716 547
059917564_posterize.jpg 1 581 1 881 1079
060047286_posterize.jpg 1 470 70 398 507
060585297_posterize.jpg 1 51 90 444 990
060601500_posterize.jpg 1 574 119 218 529
060671620_posterize.jpg 1 158 89 396 390
061912140_posterize.jpg 1 1193 19 323 725
063564532_posterize.jpg 1 719 259 179 271
063827562_posterize.jpg 1 489 1 895 1079
064071022_posterize.jpg 1 220 57 181 423
064227816_posterize.jpg 1 383 1 643 1079
064950893_posterize.jpg 1 264 307 612 638
068637223_posterize.jpg 1 553 187 200 290
068959729_posterize.jpg 1 726 237 275 483
069340085_posterize.jpg 1 205 1 223 464
069931292_posterize.jpg 1 739 465 507 495
070691102_posterize.jpg 1 695 1 201 719
070859331_posterize.jpg 1 278 1 654 719
070908668_posterize.jpg 1 446 156 413 231
071213705_posterize.jpg 1 463 57 407 663
071660628_posterize.jpg 1 188 33 252 447
072058642_posterize.jpg 1 458 24 286 340
072697987_posterize.jpg 1 12 1 1659 1079
073199394_posterize.jpg 1 537 71 396 450
073460830_posterize.jpg 1 772 1 171 384
073640202_posterize.jpg 1 164 31 459 439
073735708_posterize.jpg 1 637 86 421 466
074674988_posterize.jpg 1 310 134 189 286
075781203_posterize.jpg 1 117 112 490 317
077531575_posterize.jpg 1 255 135 129 343
077586507_posterize.jpg 1 1286 36 501 614
077960864_posterize.jpg 1 1139 241 212 466
079624361_posterize.jpg 1 428 136 852 568
080229031_posterize.jpg 1 215 1 720 654
081241366_posterize.jpg 1 220 105 140 232
081401674_posterize.jpg 1 273 156 294 564
081518323_posterize.jpg 1 300 147 371 573
081646025_posterize.jpg 1 156 130 397 289
082655107_posterize.jpg 1 424 48 262 354
082780318_posterize.jpg 1 561 197 590 628
083092249_posterize.jpg 1 599 215 134 371
083364996_posterize.jpg 1 121 190 219 251
083848269_posterize.jpg 1 443 45 271 557
083999822_posterize.jpg 1 333 127 319 478
084255450_posterize.jpg 1 544 22 651 693
084420959_posterize.jpg 1 773 356 168 523
084576265_posterize.jpg 1 117 65 196 415
084620777_posterize.jpg 1 502 191 171 441
084645229_posterize.jpg 1 165 114 198 366
084696885_posterize.jpg 1 273 74 461 646
084858619_posterize.jpg 1 508 227 187 261
085109188_posterize.jpg 1 482 132 160 463
086204265_posterize.jpg 1 275 66 188 389
086240435_posterize.jpg 1 145 79 307 341
086701161_posterize.jpg 1 347 42 738 678
086839621_posterize.jpg 1 868 72 403 785
088170897_posterize.jpg 1 262 68 427 652
088390181_posterize.jpg 1 869 102 524 978
088578236_posterize.jpg 1 274 1 260 383
088638036_posterize.jpg 1 838 159 299 561
089041647_posterize.jpg 1 263 2 580 718
089196991_posterize.jpg 1 535 217 309 403
089393351_posterize.jpg 1 569 132 401 948
089793529_posterize.jpg 1 303 1 695 800
090508404_posterize.jpg 1 425 175 202 461
090532183_posterize.jpg 1 646 404 278 301
090635439_posterize.jpg 1 583 310 231 306
091487838_posterize.jpg 1 272 8 585 712
093249587_posterize.jpg 1 138 129 101 114
093374764_posterize.jpg 1 47 48 288 432
093441079_posterize.jpg 1 586 1 525 719
093616304_posterize.jpg 1 447 30 761 955
094147424_posterize.jpg 1 807 3 172 411
094199145_posterize.jpg 1 206 132 252 520
094675624_posterize.jpg 1 607 170 127 473
095357354_posterize.jpg 1 157 106 130 231
096544863_posterize.jpg 1 342 227 733 320
096712118_posterize.jpg 1 192 1 494 719
096848878_posterize.jpg 1 466 1 552 532
097222971_posterize.jpg 1 202 57 199 345
097799979_posterize.jpg 1 196 39 248 381
097926460_posterize.jpg 1 539 45 235 675
098656949_posterize.jpg 1 343 37 193 605
099865392_posterize.jpg 1 303 121 490 599
099890470_posterize.jpg 1 189 104 208 271
000015774_normalize.jpg 1 428 208 449 364
000980053_normalize.jpg 1 388 170 392 313
001693075_normalize.jpg 1 581 149 140 378
001756546_normalize.jpg 1 498 81 95 232
002230170_normalize.jpg 1 145 89 308 332
002311067_normalize.jpg 1 607 235 151 233
003339320_normalize.jpg 1 328 261 100 282
003373011_normalize.jpg 1 227 30 190 399
003725388_normalize.jpg 1 574 11 370 707
003782014_normalize.jpg 1 327 24 193 349
005592635_normalize.jpg 1 299 116 283 604
005651569_normalize.jpg 1 89 104 305 285
005695287_normalize.jpg 1 839 221 329 826
006605531_normalize.jpg 1 418 74 493 646
006844071_normalize.jpg 1 433 193 423 526
007639332_normalize.jpg 1 352 318 378 308
007681103_normalize.jpg 1 446 2 435 718
007989940_normalize.jpg 1 581 146 751 736
008139032_normalize.jpg 1 499 164 211 418
008456538_normalize.jpg 1 247 67 505 485
008703357_normalize.jpg 1 255 1 626 629
009048629_normalize.jpg 1 415 1 191 299
009493201_normalize.jpg 1 817 289 321 637
009540343_normalize.jpg 1 488 94 255 442
009553965_normalize.jpg 1 480 57 339 663
010157454_normalize.jpg 1 547 1 363 577
010470516_normalize.jpg 1 371 46 182 402
011156899_normalize.jpg 1 487 1 989 911
011464780_normalize.jpg 1 771 244 469 836
011618078_normalize.jpg 1 664 269 689 735
011658307_normalize.jpg 1 88 24 162 455
011836724_normalize.jpg 1 257 17 678 1063
013605623_normalize.jpg 1 419 178 275 486
013706270_normalize.jpg 1 413 179 279 576
013755211_normalize.jpg 1 382 106 193 233
014028231_normalize.jpg 1 257 46 452 674
014171521_normalize.jpg 1 319 147 731 521
015210428_normalize.jpg 1 521 47 416 670
015745133_normalize.jpg 1 172 271 181 213
019060983_normalize.jpg 1 654 60 344 498
019127737_normalize.jpg 1 152 1 517 839
019188755_normalize.jpg 1 1297 54 561 586
019289374_normalize.jpg 1 293 121 120 249
019629430_normalize.jpg 1 144 1 393 718
020079826_normalize.jpg 1 484 59 207 332
020165521_normalize.jpg 1 728 195 282 340
020625211_normalize.jpg 1 448 60 268 660
020802456_normalize.jpg 1 951 247 205 403
020934932_normalize.jpg 1 89 82 334 398
021143126_normalize.jpg 1 384 131 766 415
021491264_normalize.jpg 1 471 43 113 236
021673980_normalize.jpg 1 286 44 433 406
021932040_normalize.jpg 1 776 422 163 298
022516102_normalize.jpg 1 356 101 464 619
022540211_normalize.jpg 1 356 114 481 545
022714909_normalize.jpg 1 528 2 607 718
024241591_normalize.jpg 1 527 200 239 306
024396348_normalize.jpg 1 634 82 199 547
024968106_normalize.jpg 1 633 1 698 908
025320116_normalize.jpg 1 423 41 466 679
025402115_normalize.jpg 1 363 52 243 649
025794163_normalize.jpg 1 132 107 203 370
025937253_normalize.jpg 1 1211 79 193 478
025967084_normalize.jpg 1 184 76 169 300
025987963_normalize.jpg 1 610 352 277 280
026348338_normalize.jpg 1 10 241 186 197
026592845_normalize.jpg 1 591 65 209 446
026655012_normalize.jpg 1 523 251 295 469
027126859_normalize.jpg 1 241 124 645 596
027146066_normalize.jpg 1 384 48 242 385
028255027_normalize.jpg 1 433 250 223 470
028578356_normalize.jpg 1 545 166 208 301
029321077_normalize.jpg 1 641 132 159 473
029611713_normalize.jpg 1 549 171 1077 819
030137787_normalize.jpg 1 348 63 202 337
030233325_normalize.jpg 1 39 40 274 314
031387937_normalize.jpg 1 472 1 946 1078
035075321_normalize.jpg 1 680 36 408 684
035543668_normalize.jpg 1 937 184 496 801
036084993_normalize.jpg 1 912 295 632 767
036628639_normalize.jpg 1 409 319 257 319
037183678_normalize.jpg 1 719 196 162 455
038057594_normalize.jpg 1 932 179 311 422
039617269_normalize.jpg 1 338 176 196 421
039628052_normalize.jpg 1 1174 410 458 670
039850473_normalize.jpg 1 389 322 234 574
040388357_normalize.jpg 1 527 190 753 503
040414032_normalize.jpg 1 265 188 136 198
040656781_normalize.jpg 1 707 477 382 490
041261768_normalize.jpg 1 323 277 415 443
041400068_normalize.jpg 1 1151 44 460 727
041577510_normalize.jpg 1 195 74 293 339
042449283_normalize.jpg 1 125 15 330 465
042506817_normalize.jpg 1 429 64 935 1016
043913491_normalize.jpg 1 314 127 261 269
043930327_normalize.jpg 1 537 234 641 728
045813836_normalize.jpg 1 349 46 311 674
046322964_normalize.jpg 1 706 105 761 662
046393249_normalize.jpg 1 191 175 190 160
046413519_normalize.jpg 1 847 312 444 689
046472196_normalize.jpg 1 1062 160 854 920
047343493_normalize.jpg 1 387 104 239 366
047464816_normalize.jpg 1 469 140 270 369
047508987_normalize.jpg 1 210 144 344 576
047788299_normalize.jpg 1 187 16 626 704
048346906_normalize.jpg 1 617 44 364 676
049950177_normalize.jpg 1 286 346 268 314
050111970_normalize.jpg 1 416 164 119 324
050493280_normalize.jpg 1 411 159 371 485
050780288_normalize.jpg 1 368 326 826 336
051423444_normalize.jpg 1 813 189 277 531
051594588_normalize.jpg 1 136 43 415 328
052264343_normalize.jpg 1 671 60 829 1020
052324708_normalize.jpg 1 702 65 259 746
052858420_normalize.jpg 1 599 22 602 1058
052879461_normalize.jpg 1 632 1 491 699
053100313_normalize.jpg 1 73 79 255 387
053211349_normalize.jpg 1 459 164 343 553
053362459_normalize.jpg 1 159 15 746 705
053553668_normalize.jpg 1 277 584 332 322
054556254_normalize.jpg 1 209 65 144 333
054814520_normalize.jpg 1 606 117 532 804
055340003_normalize.jpg 1 692 56 805 1024
055401702_normalize.jpg 1 1067 279 597 713
055785385_normalize.jpg 1 504 58 557 662
055787632_normalize.jpg 1 849 157 353 792
055838448_normalize.jpg 1 808 260 258 530
056065685_normalize.jpg 1 790 121 236 320
056430106_normalize.jpg 1 131 1 234 479
056553891_normalize.jpg 1 192 228 240 492
057332371_normalize.jpg 1 338 200 406 560
057506057_normalize.jpg 1 502 70 481 650
057880675_normalize.jpg 1 203 55 716 547
059917564_normalize.jpg 1 581 1 881 1079
060047286_normalize.jpg 1 470 70 398 507
060585297_normalize.jpg 1 51 90 444 990
060601500_normalize.jpg 1 574 119 218 529
060671620_normalize.jpg 1 158 89 396 390
061912140_normalize.jpg 1 1193 19 323 725
063564532_normalize.jpg 1 719 259 179 271
063827562_normalize.jpg 1 489 1 895 1079
064071022_normalize.jpg 1 220 57 181 423
064227816_normalize.jpg 1 383 1 643 1079
064950893_normalize.jpg 1 264 307 612 638
068637223_normalize.jpg 1 553 187 200 290
068959729_normalize.jpg 1 726 237 275 483
069340085_normalize.jpg 1 205 1 223 464
069931292_normalize.jpg 1 739 465 507 495
070691102_normalize.jpg 1 695 1 201 719
070859331_normalize.jpg 1 278 1 654 719
070908668_normalize.jpg 1 446 156 413 231
071213705_normalize.jpg 1 463 57 407 663
071660628_normalize.jpg 1 188 33 252 447
072058642_normalize.jpg 1 458 24 286 340
072697987_normalize.jpg 1 12 1 1659 1079
073199394_normalize.jpg 1 537 71 396 450
073460830_normalize.jpg 1 772 1 171 384
073640202_normalize.jpg 1 164 31 459 439
073735708_normalize.jpg 1 637 86 421 466
074674988_normalize.jpg 1 310 134 189 286
075781203_normalize.jpg 1 117 112 490 317
077531575_normalize.jpg 1 255 135 129 343
077586507_normalize.jpg 1 1286 36 501 614
077960864_normalize.jpg 1 1139 241 212 466
079624361_normalize.jpg 1 428 136 852 568
080229031_normalize.jpg 1 215 1 720 654
081241366_normalize.jpg 1 220 105 140 232
081401674_normalize.jpg 1 273 156 294 564
081518323_normalize.jpg 1 300 147 371 573
081646025_normalize.jpg 1 156 130 397 289
082655107_normalize.jpg 1 424 48 262 354
082780318_normalize.jpg 1 561 197 590 628
083092249_normalize.jpg 1 599 215 134 371
083364996_normalize.jpg 1 121 190 219 251
083848269_normalize.jpg 1 443 45 271 557
083999822_normalize.jpg 1 333 127 319 478
084255450_normalize.jpg 1 544 22 651 693
084420959_normalize.jpg 1 773 356 168 523
084576265_normalize.jpg 1 117 65 196 415
084620777_normalize.jpg 1 502 191 171 441
084645229_normalize.jpg 1 165 114 198 366
084696885_normalize.jpg 1 273 74 461 646
084858619_normalize.jpg 1 508 227 187 261
085109188_normalize.jpg 1 482 132 160 463
086204265_normalize.jpg 1 275 66 188 389
086240435_normalize.jpg 1 145 79 307 341
086701161_normalize.jpg 1 347 42 738 678
086839621_normalize.jpg 1 868 72 403 785
088170897_normalize.jpg 1 262 68 427 652
088390181_normalize.jpg 1 869 102 524 978
088578236_normalize.jpg 1 274 1 260 383
088638036_normalize.jpg 1 838 159 299 561
089041647_normalize.jpg 1 263 2 580 718
089196991_normalize.jpg 1 535 217 309 403
089393351_normalize.jpg 1 569 132 401 948
089793529_normalize.jpg 1 303 1 695 800
090508404_normalize.jpg 1 425 175 202 461
090532183_normalize.jpg 1 646 404 278 301
090635439_normalize.jpg 1 583 310 231 306
091487838_normalize.jpg 1 272 8 585 712
093249587_normalize.jpg 1 138 129 101 114
093374764_normalize.jpg 1 47 48 288 432
093441079_normalize.jpg 1 586 1 525 719
093616304_normalize.jpg 1 447 30 761 955
094147424_normalize.jpg 1 807 3 172 411
094199145_normalize.jpg 1 206 132 252 520
094675624_normalize.jpg 1 607 170 127 473
095357354_normalize.jpg 1 157 106 130 231
096544863_normalize.jpg 1 342 227 733 320
096712118_normalize.jpg 1 192 1 494 719
096848878_normalize.jpg 1 466 1 552 532
097222971_normalize.jpg 1 202 57 199 345
097799979_normalize.jpg 1 196 39 248 381
097926460_normalize.jpg 1 539 45 235 675
098656949_normalize.jpg 1 343 37 193 605
099865392_normalize.jpg 1 303 121 490 599
099890470_normalize.jpg 1 189 104 208 271
